year;area km²;mun;geocode_ibge
2022;0,79;Buriti Bravo;2102309
2022;0,00;Itaubal;1600253
2022;0,00;Lagoa do Tocantins;1711951
2022;0,00;Central do Maranhão;2103125
2022;0,00;Santo Antônio do Tauá;1507003
2022;0,00;Filadélfia;1707702
2022;0,00;Bonito;1501600
2022;0,00;Carolina;2102804
2022;0,00;Olho d'Água das Cunhãs;2107407
2022;0,00;Benedito Leite;2101806
2022;0,00;Cristalândia;1706100
2022;0,00;Araguainha;5101209
2022;0,00;Fátima;1707553
2022;0,00;Miranorte;1713304
2022;0,00;Cachoeirinha;1703826
2022;0,00;Santa Rita do Trivelato;5107768
2022;0,00;Capanema;1502202
2022;0,00;Riachão;2109502
2022;0,00;São Roberto;2111672
2022;0,00;Palmeiras do Tocantins;1713809
2022;0,00;Ponte Alta do Tocantins;1717909
2022;0,00;Sucupira do Norte;2111904
2022;0,00;São Pedro da Cipa;5107404
2022;0,00;Taipas do Tocantins;1720937
2022;0,00;Arenápolis;5101308
2022;0,00;Novo Horizonte do Norte;5106273
2022;0,00;Esperantinópolis;2104008
2022;0,00;Nossa Senhora do Livramento;5106109
2022;0,00;Pontal do Araguaia;5106653
2022;0,00;Presidente Sarney;2109270
2022;0,00;Pedro do Rosário;2108256
2022;0,00;Buriti do Tocantins;1703800
2022;0,00;Bacuri;2101301
2022;0,00;Alto Taquari;5100607
2022;0,00;Santo Antônio do Leste;5107792
2022;0,00;Santa Rita do Tocantins;1718899
2022;0,00;São Salvador do Tocantins;1720259
2022;0,00;Vitorino Freire;2113009
2022;0,00;Tracuateua;1508035
2022;0,00;Porto Alegre do Tocantins;1718006
2022;0,00;Itiquira;5104609
2022;0,00;Pugmil;1718451
2022;0,00;Governador Nunes Freire;2104677
2022;0,00;Lago dos Rodrigues;2105948
2022;0,00;Rosário Oeste;5107701
2022;0,00;Palmas;1721000
2022;0,00;Paranã;1716208
2022;0,00;Tupirama;1721257
2022;0,00;Porto Rico do Maranhão;2109056
2022;0,00;Passagem Franca;2107902
2022;0,00;Barra do Ouro;1703073
2022;0,00;Cajapió;2102408
2022;0,00;São Domingos do Azeitão;2110658
2022;0,00;Pequizeiro;1716653
2022;0,00;Bela Vista do Maranhão;2101772
2022;0,00;Tocantínia;1721109
2022;0,00;Alvorada;1700707
2022;0,00;Talismã;1720978
2022;0,00;Gurupi;1709500
2022;0,00;Raposa;2109452
2022;0,00;Sucupira;1720853
2022;0,00;Torixoréu;5108204
2022;0,00;Mirinzal;2106805
2022;0,00;Natividade;1714203
2022;0,00;Conceição do Lago-Açu;2103554
2022;0,00;Guiratinga;5104203
2022;0,00;Darcinópolis;1706506
2022;0,00;Goiatins;1709005
2022;0,00;Alto Garças;5100409
2022;0,00;Santa Rosa do Tocantins;1718907
2022;0,00;Lago da Pedra;2105708
2022;0,00;Santa Luzia do Paruá;2110039
2022;0,00;Pedra Preta;5106372
2022;0,00;Bragança;1501709
2022;0,00;Rio Branco;5107206
2022;0,00;Igarapé Grande;2105203
2022;0,00;Guimarães;2104909
2022;0,00;Primavera do Leste;5107040
2022;0,00;Nova Marilândia;5108857
2022;0,00;Jaú do Tocantins;1711506
2022;0,00;Alto Paraguai;5100508
2022;0,00;Ponte Alta do Bom Jesus;1717800
2022;0,00;Barra do Garças;5101803
2022;0,00;Cachoeira Grande;2102374
2022;0,00;Santa Cruz do Arari;1506401
2022;0,00;Divinópolis do Tocantins;1707108
2022;0,00;Cuiabá;5103403
2022;0,00;Augusto Corrêa;1500909
2022;0,00;Rondonópolis;5107602
2022;0,00;Nova Rosalândia;1715002
2022;0,00;Trizidela do Vale;2112233
2022;0,00;São Vicente Ferrer;2111706
2022;0,00;Mãe do Rio;1504059
2022;0,00;Axixá;2101103
2022;0,00;Arraias;1702406
2022;0,00;Juarina;1711803
2022;0,00;Olinda Nova do Maranhão;2107456
2022;0,00;Acorizal;5100102
2022;0,00;Inhangapi;1503408
2022;0,00;Bom Lugar;2102077
2022;0,00;São Mateus do Maranhão;2111508
2022;0,00;Serrano do Maranhão;2111789
2022;0,00;Barrolândia;1703107
2022;0,00;Icatu;2105104
2022;0,00;Campos Lindos;1703842
2022;0,00;Chapada de Areia;1704600
2022;0,00;Dianópolis;1707009
2022;0,00;Junco do Maranhão;2105658
2022;0,00;General Carneiro;5103908
2022;0,00;São Raimundo do Doca Bezerra;2111631
2022;0,00;Rio Sono;1718758
2022;0,00;São Félix de Balsas;2110807
2022;0,00;Cariri do Tocantins;1703867
2022;0,00;Campinápolis;5102603
2022;0,00;Novo Acordo;1715101
2022;0,00;Soure;1507904
2022;0,00;Tabocão;1708254
2022;0,00;Bacabal;2101202
2022;0,00;Luzinópolis;1712454
2022;0,00;Brasilândia do Tocantins;1703602
2022;0,00;São Bento;2110500
2022;0,00;Paraíso do Tocantins;1716109
2022;0,00;Santa Maria do Tocantins;1718881
2022;0,00;Lajeado;1712009
2022;0,00;Jaciara;5104807
2022;0,00;Aurora do Tocantins;1702703
2022;0,00;Brejinho de Nazaré;1703701
2022;0,00;Silvanópolis;1720655
2022;0,00;Poxoréu;5107008
2022;0,00;Chapada da Natividade;1705102
2022;0,00;São José dos Quatro Marcos;5107107
2022;0,00;Salto do Céu;5107750
2022;0,00;Porto Nacional;1718204
2022;0,00;Igarapé-Açu;1503200
2022;0,00;Lavandeira;1712157
2022;0,00;Rio dos Bois;1718709
2022;0,00;Água Boa;5100201
2022;0,00;Presidente Juscelino;2109205
2022;0,00;Altamira do Maranhão;2100402
2022;0,00;Poconé;5106505
2022;0,00;Limoeiro do Ajuru;1504000
2022;0,00;Monte Santo do Tocantins;1713700
2022;0,00;Amapá;1600105
2022;0,00;Ipueiras;1709807
2022;0,00;Crixás do Tocantins;1706258
2022;0,00;Apicum-Açu;2100832
2022;0,00;Presidente Médici;2109239
2022;0,00;Ponte Branca;5106703
2022;0,00;Santa Tereza do Tocantins;1719004
2022;0,00;Viana;2112803
2022;0,00;Paraibano;2107704
2022;0,00;Curvelândia;5103437
2022;0,00;Lago Verde;2105906
2022;0,00;Cedral;2103109
2022;0,00;Indiavaí;5104500
2022;0,00;Babaçulândia;1703008
2022;0,00;Pindorama do Tocantins;1717008
2022;0,00;Palmeirândia;2107605
2022;0,00;Alto Araguaia;5100300
2022;0,00;Pio XII;2108702
2022;0,00;Rio da Conceição;1718659
2022;0,00;Ponta de Pedras;1505700
2022;0,00;Campo Verde;5102678
2022;0,00;Araguaiana;5101001
2022;0,00;Pastos Bons;2108009
2022;0,00;Ourém;1505403
2022;0,00;São Pedro dos Crentes;2111573
2022;0,00;Araguanã;2100873
2022;0,00;Colinas do Tocantins;1705508
2022;0,00;Fortaleza dos Nogueiras;2104107
2022;0,00;Alcântara;2100204
2022;0,00;Turiaçu;2112407
2022;0,00;Araguaçu;1702000
2022;0,00;Santa Maria do Pará;1506609
2022;0,00;Sandolândia;1718840
2022;0,00;Aparecida do Rio Negro;1701101
2022;0,00;Tupiratins;1721307
2022;0,00;Aliança do Tocantins;1700350
2022;0,00;Estreito;2104057
2022;0,00;Santa Bárbara do Pará;1506351
2022;0,00;São Félix do Tocantins;1720150
2022;0,00;Normandia;1400407
2022;0,00;Boa Vista do Gurupi;2101970
2022;0,00;Ribeirãozinho;5107198
2022;0,00;Balsas;2101400
2022;0,00;Novo Jardim;1715259
2022;0,00;Novo Alegre;1715150
2022;0,00;Figueirópolis D'Oeste;5103809
2022;0,00;Tufilândia;2112274
2022;0,00;Figueirópolis;1707652
2022;0,00;Mocajuba;1504604
2022;0,00;São Sebastião da Boa Vista;1507706
2022;0,00;Nova Brasilândia;5106208
2022;0,00;Miracema do Tocantins;1713205
2022;0,00;Tasso Fragoso;2112001
2022;0,00;Várzea Grande;5108402
2022;0,00;Monte do Carmo;1713601
2022;0,00;Pracuúba;1600550
2022;0,00;Santa Inês;2109908
2022;0,00;Tesouro;5108105
2022;0,00;Chapada dos Guimarães;5103007
2022;0,00;Bom Jesus do Tocantins;1703305
2022;0,00;Ananindeua;1500800
2022;0,00;Sítio Novo;2111805
2022;0,00;Planalto da Serra;5106455
2022;0,00;Conceição do Tocantins;1705607
2022;0,00;Alto Parnaíba;2100501
2022;0,00;Poção de Pedras;2108900
2022;0,00;Nobres;5105903
2022;0,00;São João Batista;2111003
2022;0,00;Presidente Vargas;2109304
2022;0,00;São José do Povo;5107297
2022;0,00;Quatipuru;1506112
2022;0,00;Anajatuba;2100709
2022;0,00;Nova Iorque;2107308
2022;0,00;Peixe;1716604
2022;0,00;Jangada;5104906
2022;0,00;Presidente Kennedy;1718402
2022;0,00;São Raimundo das Mangabeiras;2111607
2022;0,00;Bandeirantes do Tocantins;1703057
2022;0,00;Salvaterra;1506302
2022;0,00;Mirador;2106706
2022;0,00;Porto Estrela;5106851
2022;0,00;Mateiros;1712702
2022;0,00;Nova Olinda;1714880
2022;0,00;Nova Colinas;2107258
2022;0,00;Glória D'Oeste;5103957
2022;0,00;Satubinha;2111722
2022;0,00;Oliveira de Fátima;1715507
2022;0,00;Pindaré-Mirim;2108504
2022;0,00;Cururupu;2103703
2022;0,00;Itapiratins;1710904
2022;0,00;Novo São Joaquim;5106281
2022;0,00;Nova Xavantina;5106257
2022;0,00;Itacajá;1710508
2022;0,00;Peri Mirim;2108405
2022;0,00;Almas;1700400
2022;0,00;Loreto;2106102
2022;0,00;Dom Aquino;5103601
2022;0,00;Palmeirópolis;1715754
2022;0,00;São João do Soter;2111078
2022;0,00;Sambaíba;2109700
2022;0,00;Governador Newton Bello;2104651
2022;0,00;Lizarda;1712405
2022;0,00;Taguatinga;1720903
2022;0,00;Bacurituba;2101350
2022;0,00;Centenário;1704105
2022;0,00;Morros;2107100
2022;0,00;Bequimão;2101905
2022;0,00;Feira Nova do Maranhão;2104073
2022;0,00;Lago do Junco;2105807
2022;0,00;Combinado;1705557
2022;0,00;São Valério;1720499
2022;1,42;Alvarães;1300029
2022;5,52;Theobroma;1101609
2022;0,14;Santarém Novo;1506906
2022;11,88;Cachoeira do Piriá;1501956
2022;0,23;Santa Izabel do Pará;1506500
2022;0,00;Matinha;2106508
2022;0,77;Boa Vista;1400100
2022;108,24;Anapu;1500859
2022;5,61;Pimenteiras do Oeste;1101468
2022;0,19;Santa Luzia D'Oeste;1100296
2022;0,42;Cametá;1502103
2022;1,61;Itapecuru Mirim;2105401
2022;1,71;Araguaína;1702109
2022;12,50;Comodoro;5103304
2022;39,36;Caracaraí;1400209
2022;5,71;Acará;1500206
2022;0,25;Godofredo Viana;2104305
2022;0,59;Wanderlândia;1722081
2022;78,74;Rorainópolis;1400472
2022;0,79;Arari;2101004
2022;0,77;Araputanga;5101258
2022;9,84;Amarante do Maranhão;2100600
2022;2,19;Terra Nova do Norte;5108055
2022;122,01;Senador José Porfírio;1507805
2022;27,41;Iracema;1400282
2022;0,98;Presidente Dutra;2109106
2022;1,87;Fonte Boa;1301605
2022;1,42;São Domingos do Araguaia;1507151
2022;23,29;Santa Terezinha;5107776
2022;16,33;Santa Maria das Barreiras;1506583
2022;0,25;Monção;2106904
2022;0,07;Cachoeira do Arari;1502004
2022;6,59;Eirunepé;1301407
2022;1,41;Senador Alexandre Costa;2111748
2022;6,51;Bom Jesus do Tocantins;1501576
2022;7,08;Porto Walter;1200393
2022;6,48;Barão de Melgaço;5101605
2022;0,31;Luís Domingues;2106201
2022;7,57;Bom Jesus das Selvas;2102036
2022;1,44;Ribamar Fiquene;2109551
2022;0,10;Terra Alta;1507961
2022;1,00;Amapá do Maranhão;2100550
2022;3,94;Vale de São Domingos;5108352
2022;0,62;Alvorada D'Oeste;1100346
2022;1,00;Silves;1304005
2022;0,64;João Lisboa;2105500
2022;37,28;Monte Alegre;1504802
2022;0,00;Sorriso;5107925
2022;0,43;Nazaré;1714302
2022;3,43;Corumbiara;1100072
2022;10,53;Ipixuna do Pará;1503457
2022;24,24;Alto Alegre;1400050
2022;0,34;Riachinho;1718550
2022;37,21;Bujari;1200138
2022;0,55;São Geraldo do Araguaia;1507458
2022;0,36;Alto Alegre do Pindaré;2100477
2022;4,78;Governador Eugênio Barros;2104602
2022;14,38;Oriximiná;1505304
2022;18,72;Arame;2100956
2022;0,51;Nova Olinda do Maranhão;2107357
2022;79,06;Apiacás;5100805
2022;16,33;Alta Floresta;5100250
2022;26,26;Nova Maringá;5108907
2022;1,71;Laranjal do Jari;1600279
2022;0,14;Peixe-Boi;1505601
2022;397,80;Colniza;5103254
2022;37,25;Santa Carmem;5107248
2022;0,13;Muaná;1504901
2022;17,48;São José do Rio Claro;5107305
2022;0,15;Dueré;1707306
2022;0,70;Marapanim;1504406
2022;0,29;Guaraí;1709302
2022;1,22;Fernando Falcão;2104081
2022;246,89;Manicoré;1302702
2022;0,25;Cândido Mendes;2102606
2022;0,32;Nova Olímpia;5106232
2022;0,60;Manaquiri;1302553
2022;0,25;Tocantinópolis;1721208
2022;2,43;Santa Luzia;2110005
2022;1,39;Viseu;1508308
2022;29,19;Porto dos Gaúchos;5106802
2022;0,84;Benjamin Constant;1300607
2022;28,32;Grajaú;2104800
2022;29,06;Juína;5105150
2022;189,29;Candeias do Jamari;1100809
2022;30,83;Governador Jorge Teixeira;1101005
2022;1,40;Jacundá;1503804
2022;68,75;Machadinho D'Oeste;1100130
2022;3,55;Santa Rosa do Purus;1200435
2022;0,07;Goianorte;1708304
2022;0,09;Santa Helena;2109809
2022;9,78;Marechal Thaumaturgo;1200351
2022;1,30;Urucará;1304302
2022;1,92;Melgaço;1504505
2022;14,98;Pimenta Bueno;1100189
2022;4,81;São João do Araguaia;1507508
2022;1,48;Nova Guarita;5108808
2022;15,60;Juruti;1503903
2022;18,10;Ipixuna;1301803
2022;5,33;Nova União;1101435
2022;6,70;Jaru;1100114
2022;0,35;Pacaraima;1400456
2022;0,14;Vargem Grande;2112704
2022;2,31;Floresta do Araguaia;1503044
2022;0,09;São José de Ribamar;2111201
2022;4,77;Conceição do Araguaia;1502707
2022;1,32;Formosa da Serra Negra;2104099
2022;55,84;Nova Ubiratã;5106240
2022;11,77;Jutaí;1302306
2022;0,33;Denise;5103452
2022;0,14;Marianópolis do Tocantins;1712504
2022;0,18;Itaporã do Tocantins;1711100
2022;0,49;Colméia;1716703
2022;4,63;Tapurah;5108006
2022;0,08;Marituba;1504422
2022;0,07;Sapezal;5107875
2022;4,01;Colinas;2103505
2022;0,76;Curralinho;1502806
2022;14,00;Açailândia;2100055
2022;0,07;Amaturá;1300060
2022;0,27;São Bento do Tocantins;1720101
2022;4,03;Nova Ipixuna;1504976
2022;31,19;Pauini;1303502
2022;24,18;Alta Floresta D'Oeste;1100015
2022;46,80;Rondon do Pará;1506187
2022;0,86;Tucumã;1508084
2022;17,19;São João da Baliza;1400506
2022;1,08;Paulo Ramos;2108108
2022;2,92;Boa Vista do Ramos;1300680
2022;10,25;São Miguel do Guaporé;1100320
2022;28,70;Careiro da Várzea;1301159
2022;347,76;Itaituba;1503606
2022;2,40;São Gabriel da Cachoeira;1303809
2022;80,48;Juara;5105101
2022;0,22;São Francisco do Pará;1507409
2022;0,27;Rosário;2109601
2022;2,78;Porto Franco;2109007
2022;54,46;Santarém;1506807
2022;2,41;Novo Santo Antônio;5106315
2022;0,34;Salinópolis;1506203
2022;0,30;São Francisco do Brejão;2110856
2022;0,40;Castanheiras;1100908
2022;4,76;Faro;1503002
2022;0,07;Curuçá;1502905
2022;17,23;Santana do Araguaia;1506708
2022;4,33;Juruena;5105176
2022;0,56;Barcarena;1501303
2022;2,39;Xinguara;1508407
2022;0,19;Carutapera;2102903
2022;22,49;Tomé-Açu;1508001
2022;2,00;Montes Altos;2107001
2022;169,89;Humaitá;1301704
2022;4,93;Terra Santa;1507979
2022;2,12;Aurora do Pará;1500958
2022;0,41;Recursolândia;1718501
2022;118,14;Rurópolis;1506195
2022;0,10;Carrasco Bonito;1703891
2022;2,06;Atalaia do Norte;1300201
2022;1,85;Coari;1301209
2022;2,23;Tefé;1304203
2022;0,01;Santana;1600600
2022;74,63;Moju;1504703
2022;3,23;Vitória do Xingu;1508357
2022;193,63;Uruará;1508159
2022;0,09;Maranhãozinho;2106375
2022;0,16;Afuá;1500305
2022;34,56;Guajará;1301654
2022;1,16;Praia Norte;1718303
2022;18,38;Almeirim;1500503
2022;26,77;Itinga do Maranhão;2105427
2022;16,87;Seringueiras;1101500
2022;0,25;Bujaru;1501907
2022;3,51;Vila Nova dos Martírios;2112852
2022;0,67;Cabixi;1100031
2022;8,27;Rio Maria;1506161
2022;6,27;Careiro;1301100
2022;1,22;Colorado do Oeste;1100064
2022;8,61;São Luiz;1400605
2022;0,08;Tangará da Serra;5107958
2022;4,50;Água Azul do Norte;1500347
2022;0,07;Igarapé do Meio;2105153
2022;4,95;São Sebastião do Uatumã;1303957
2022;8,21;Itanhangá;5104542
2022;112,73;Tarauacá;1200609
2022;8,37;Assis Brasil;1200054
2022;13,24;Belterra;1501451
2022;4,40;Rio Preto da Eva;1303569
2022;1,27;Novo Horizonte do Oeste;1100502
2022;54,95;Peixoto de Azevedo;5106422
2022;21,14;Alto Paraíso;1100403
2022;0,20;Bacabeira;2101251
2022;1,82;Conquista D'Oeste;5103361
2022;0,51;Capinzal do Norte;2102754
2022;13,69;Santa Cruz do Xingu;5107743
2022;4,32;Nova Canaã do Norte;5106216
2022;0,07;Dois Irmãos do Tocantins;1707207
2022;6,03;São José do Xingu;5107354
2022;4,29;Governador Luiz Rocha;2104628
2022;0,82;Caapiranga;1300839
2022;0,35;Benevides;1501501
2022;0,44;Itaguatins;1710706
2022;10,73;Guarantã do Norte;5104104
2022;16,87;Senador Guiomard;1200450
2022;25,37;Cumaru do Norte;1502764
2022;6,19;Curuá;1502855
2022;3,42;Bagre;1501105
2022;4,91;Barreirinha;1300508
2022;0,61;Porto Grande;1600535
2022;11,12;Matupá;5105606
2022;0,08;Angico;1701051
2022;4,86;Alto Boa Vista;5100359
2022;0,39;São Miguel do Guamá;1507607
2022;2,90;Canabrava do Norte;5102694
2022;10,38;Itapuã do Oeste;1101104
2022;0,49;Bernardo do Mearim;2101939
2022;4,16;Parauapebas;1505536
2022;141,24;Placas;1505650
2022;4,26;Curionópolis;1502772
2022;7,00;Tuntum;2112308
2022;1,04;Vitória do Mearim;2112902
2022;0,41;Brejo de Areia;2102150
2022;3,83;Parintins;1303403
2022;1,62;Pau D'Arco;1505551
2022;0,22;Anori;1300102
2022;3,34;Pedra Branca do Amapari;1600154
2022;534,52;São Félix do Xingu;1507300
2022;2,08;Santa Rita;2110203
2022;0,07;Belém;1501402
2022;18,50;Gaúcha do Norte;5103858
2022;2,68;Mazagão;1600402
2022;0,53;Presidente Médici;1100254
2022;0,50;Mirassol d'Oeste;5105622
2022;0,00;Santa Luzia do Pará;1506559
2022;23,82;Rodrigues Alves;1200427
2022;44,67;Autazes;1300300
2022;4,01;Bannach;1501253
2022;0,40;São João da Ponta;1507466
2022;0,47;Governador Edison Lobão;2104552
2022;178,73;Nova Bandeirantes;5106158
2022;2,11;Jatobá;2105450
2022;0,07;Bernardo Sayão;1703206
2022;80,83;Mojuí dos Campos;1504752
2022;32,71;Confresa;5103353
2022;0,73;Iranduba;1301852
2022;1,79;Nova Brasilândia D'Oeste;1100148
2022;0,11;São Sebastião do Tocantins;1720309
2022;0,53;Ananás;1701002
2022;2,58;Ouro Preto do Oeste;1100155
2022;0,41;Abaetetuba;1500107
2022;0,11;Redenção;1506138
2022;0,64;São Luís;2111300
2022;1,30;Diamantino;5103502
2022;0,47;Campos de Júlio;5102686
2022;4,15;Peritoró;2108454
2022;0,66;Novo Airão;1303205
2022;12,20;Nova Olinda do Norte;1303106
2022;3,60;Buritirana;2102358
2022;12,57;Cantá;1400175
2022;2,01;Pirapemas;2108801
2022;34,12;São Félix do Araguaia;5107859
2022;0,14;Magalhães Barata;1504109
2022;4,05;Piraquê;1717206
2022;1,75;Canaã dos Carajás;1502152
2022;0,09;Maracaçumé;2106326
2022;4,22;Fortuna;2104206
2022;4,49;Cerejeiras;1100056
2022;0,07;Juscimeira;5105200
2022;0,47;Luciara;5105309
2022;88,30;Manoel Urbano;1200344
2022;0,96;São João de Pirabas;1507474
2022;2,81;Parecis;1101450
2022;0,16;Tartarugalzinho;1600709
2022;15,33;Campo Novo de Rondônia;1100700
2022;23,92;Guajará-Mirim;1100106
2022;11,54;Monte Negro;1101401
2022;5,59;Coroatá;2103604
2022;18,35;Amajari;1400027
2022;0,61;Lagoa Grande do Maranhão;2105963
2022;5,97;Plácido de Castro;1200385
2022;11,60;São Domingos do Maranhão;2110708
2022;0,40;Augustinópolis;1702554
2022;1,12;Araguacema;1701903
2022;132,66;Aripuanã;5101407
2022;2,73;Abel Figueiredo;1500131
2022;0,08;Pium;1717503
2022;20,54;São Francisco do Guaporé;1101492
2022;0,37;Nortelândia;5106000
2022;0,32;Esperantina;1707405
2022;0,23;São Felipe D'Oeste;1101484
2022;29,04;Alenquer;1500404
2022;105,80;Sena Madureira;1200500
2022;26,76;Itupiranga;1503705
2022;49,05;Feliz Natal;5103700
2022;2,00;Formoso do Araguaia;1708205
2022;85,17;Prainha;1506005
2022;0,13;Anajás;1500701
2022;1,53;Capitão Poço;1502301
2022;2,28;Mirante da Serra;1101302
2022;3,51;Itamarati;1301951
2022;18,50;Acrelândia;1200013
2022;40,54;Cotriguaçu;5103379
2022;0,11;São João do Carú;2111029
2022;1,94;Piçarra;1505635
2022;0,64;Dom Pedro;2103802
2022;38,20;Borba;1300805
2022;8,83;Nova Mutum;5106224
2022;0,81;São Paulo de Olivença;1303908
2022;193,22;Feijó;1200302
2022;180,28;Boca do Acre;1300706
2022;0,33;Sítio Novo do Tocantins;1720804
2022;34,26;Nova Monte Verde;5108956
2022;6,96;Centro Novo do Maranhão;2103174
2022;0,07;Chaves;1502509
2022;0,34;Maracanã;1504307
2022;4,15;Rio Crespo;1100262
2022;1,88;Cocalinho;5103106
2022;18,97;Envira;1301506
2022;0,47;Graça Aranha;2104701
2022;41,38;Porto de Moz;1505908
2022;0,75;Ferreira Gomes;1600238
2022;0,25;Santo Antônio do Leverger;5107800
2022;1,01;Miranda do Norte;2106755
2022;0,74;Palestina do Pará;1505494
2022;5,76;Espigão D'Oeste;1100098
2022;102,08;Medicilândia;1504455
2022;2,64;Santo Antônio dos Lopes;2110302
2022;0,20;Santo Afonso;5107263
2022;2,04;Santo Antônio do Içá;1303700
2022;3,42;Cidelândia;2103257
2022;1,86;Brejo Grande do Araguaia;1501758
2022;315,45;Portel;1505809
2022;0,25;Primavera;1506104
2022;118,25;Rio Branco;1200401
2022;31,98;Capixaba;1200179
2022;1,34;Tabatinga;1304062
2022;31,67;Óbidos;1505106
2022;1,87;Carauari;1301001
2022;1,66;Itapiranga;1302009
2022;1,24;Reserva do Cabaçal;5107156
2022;2,01;Garrafão do Norte;1503077
2022;0,57;Davinópolis;2103752
2022;4,71;Vila Bela da Santíssima Trindade;5105507
2022;13,26;Japurá;1302108
2022;30,92;Paranaíta;5106299
2022;0,75;São Miguel do Tocantins;1720200
2022;30,63;Tabaporã;5107941
2022;1,87;Rolim de Moura;1100288
2022;0,31;Turilândia;2112456
2022;0,41;Araguanã;1702158
2022;1,29;São João do Paraíso;2111052
2022;7,70;Cacaulândia;1100601
2022;0,06;Alto Alegre do Maranhão;2100436
2022;0,18;São Caetano de Odivelas;1507102
2022;1,47;Carlinda;5102793
2022;0,50;Pau D'Arco;1716307
2022;3,56;Pontes e Lacerda;5106752
2022;46,87;Querência;5107065
2022;0,17;São Luís Gonzaga do Maranhão;2111409
2022;0,06;Paço do Lumiar;2107506
2022;0,10;Santa Fé do Araguaia;1718865
2022;10,74;Vilhena;1100304
2022;731,72;Apuí;1300144
2022;26,06;Itacoatiara;1301902
2022;4,37;Vale do Anari;1101757
2022;15,62;Ribeirão Cascalheira;5107180
2022;0,15;Santa Filomena do Maranhão;2109759
2022;15,09;Presidente Figueiredo;1303536
2022;29,41;Mucajaí;1400308
2022;109,37;Novo Repartimento;1505064
2022;0,83;Senador La Rocque;2111763
2022;0,48;Uiramutã;1400704
2022;0,43;Governador Archer;2104503
2022;8,03;Cantanhede;2102705
2022;1,74;Calçoene;1600204
2022;0,29;São Pedro da Água Branca;2111532
2022;699,59;Lábrea;1302405
2022;0,71;Barcelos;1300409
2022;0,09;Maurilândia do Tocantins;1712801
2022;1,53;Matões do Norte;2106631
2022;0,47;Porto Esperidião;5106828
2022;0,61;Lambari D'Oeste;5105234
2022;222,08;Pacajá;1505486
2022;107,51;Jacareacanga;1503754
2022;1,91;Codajás;1301308
2022;23,30;Bom Jardim;2102002
2022;116,48;Cujubim;1100940
2022;7,31;Marajá do Sena;2106359
2022;8,89;Baião;1501204
2022;77,14;Xapuri;1200708
2022;70,38;Marcelândia;5105580
2022;0,11;Nova Nazaré;5106174
2022;7,34;Beruri;1300631
2022;1,44;Urucurituba;1304401
2022;261,78;Novo Progresso;1505031
2022;0,38;Vigia;1508209
2022;8,27;Breu Branco;1501782
2022;89,43;Paranatinga;5106307
2022;47,03;Paragominas;1505502
2022;1,83;Sapucaia;1507755
2022;149,99;Nova Mamoré;1100338
2022;113,50;Trairão;1508050
2022;0,43;Penalva;2108306
2022;2,35;Gurupá;1503101
2022;0,98;Bom Jesus do Araguaia;5101852
2022;11,15;Nova Santa Helena;5106190
2022;0,33;Concórdia do Pará;1502756
2022;1,19;Jenipapo dos Vieiras;2105476
2022;0,23;Lajeado Novo;2105989
2022;0,55;Igarapé-Miri;1503309
2022;0,88;Santa Terezinha do Tocantins;1720002
2022;1,55;Xambioá;1722107
2022;0,18;Campestre do Maranhão;2102556
2022;8,63;Vila Rica;5108600
2022;3,15;Eldorado do Carajás;1502954
2022;0,19;Sampaio;1718808
2022;7,90;Nova Esperança do Piriá;1504950
2022;3,67;Manaus;1302603
2022;1,23;Canarana;5102702
2022;551,19;Porto Velho;1100205
2022;0,14;Urupá;1101708
2022;0,11;Axixá do Tocantins;1702901
2022;1,84;Porto Alegre do Norte;5106778
2022;27,79;Goianésia do Pará;1503093
2022;626,02;Altamira;1500602
2022;0,16;Cajari;2102507
2022;1,06;Ministro Andreazza;1101203
2022;5,47;Gonçalves Dias;2104404
2022;42,45;Marabá;1504208
2022;1,17;Centro do Guilherme;2103158
2022;15,05;Brasnorte;5101902
2022;13,22;Mâncio Lima;1200336
2022;1,55;Breves;1501808
2022;23,47;Barra do Bugres;5101704
2022;7,04;Ipiranga do Norte;5104526
2022;4,52;Chupinguaia;1100924
2022;0,10;Santa Isabel do Rio Negro;1303601
2022;14,47;Novo Mundo;5106265
2022;56,98;União do Sul;5108303
2022;0,57;Itaipava do Grajaú;2105351
2022;1,64;Lagoa da Confusão;1711902
2022;48,07;Rondolândia;5107578
2022;0,27;Arapoema;1702307
2022;0,38;Palmeirante;1715705
2022;3,22;Cacoal;1100049
2022;0,17;Serra do Navio;1600055
2022;117,00;Maués;1302900
2022;0,49;Castanhal;1502400
2022;4,06;Serra Nova Dourada;5107883
2022;0,08;Tonantins;1304237
2022;1,26;Ji-Paraná;1100122
2022;8,78;Buriticupu;2102325
2022;0,82;Aguiarnópolis;1700301
2022;0,14;Colares;1502608
2022;1,67;Manacapuru;1302504
2022;8,63;Brasil Novo;1501725
2022;1,61;Oiapoque;1600501
2022;66,15;Tapauá;1304104
2022;0,09;Lucas do Rio Verde;5105259
2022;1,71;Aragominas;1701309
2022;0,07;Abreulândia;1700251
2022;0,91;Joselândia;2105609
2022;0,17;Pinheiro;2108603
2022;0,03;Teixeirópolis;1101559
2022;3,59;Codó;2103307
2022;0,75;Nova Lacerda;5106182
2022;22,57;Porto Acre;1200807
2022;7,34;Itaúba;5104559
2022;27,45;Buritis;1100452
2022;0,26;Cutias;1600212
2022;39,26;Costa Marques;1100080
2022;5,90;Cáceres;5102504
2022;7,32;Tucuruí;1508100
2022;6,15;Alto Alegre dos Parecis;1100379
2022;1,49;Imperatriz;2105302
2022;24,68;Tailândia;1507953
2022;10,73;Epitaciolândia;1200252
2022;7,86;Ourilândia do Norte;1505437
2022;30,50;Brasiléia;1200104
2022;1,89;Campo Novo do Parecis;5102637
2022;0,26;Primavera de Rondônia;1101476
2022;0,73;Couto Magalhães;1706001
2022;1,28;Uarini;1304260
2022;0,43;Macapá;1600303
2022;0,46;Irituia;1503507
2022;0,51;Vitória do Jari;1600808
2022;3,10;Colíder;5103205
2022;11,76;Ariquemes;1100023
2022;4,81;Sinop;5107909
2022;2,87;Vera;5108501
2022;9,08;Nhamundá;1303007
2022;0,08;Pedreiras;2108207
2022;295,04;Novo Aripuanã;1303304
2022;0,34;Timbiras;2112100
2022;17,22;Ulianópolis;1508126
2022;0,12;Jauru;5105002
2022;0,02;Nova Timboteua;1505007
2022;3,80;Bonfim;1400159
2022;0,29;Anamã;1300086
2022;54,71;Cruzeiro do Sul;1200203
2022;47,62;Dom Eliseu;1502939
2022;16,57;Cláudia;5103056
2022;0,36;Muricilândia;1713957
2022;0,17;Lima Campos;2106003
2022;0,12;Pedro Afonso;1716505
2022;156,74;Canutama;1300904
2022;3,29;Oeiras do Pará;1505205
2022;3,56;Araguatins;1702208
2022;0,41;Juruá;1302207
2022;0,83;São Domingos do Capim;1507201
2022;0,25;Caseara;1703909
2022;53,08;Aveiro;1501006
2022;15,35;Jordão;1200328
2022;0,30;Carmolândia;1703883
2022;0,34;São José dos Basílios;2111250
2022;1,62;Zé Doca;2114007
2022;1,15;Vale do Paraíso;1101807
2022;31,90;Caroebe;1400233
2022;4,25;Castanheira;5102850
2022;20,99;Barra do Corda;2101608
2022;0,44;Maraã;1302801
2021;2,37;Nortelândia;5106000
2021;5,26;Porto Walter;1200393
2021;0,00;Filadélfia;1707702
2021;0,00;Carolina;2102804
2021;0,00;Olho d'Água das Cunhãs;2107407
2021;0,00;Benedito Leite;2101806
2021;0,00;Cristalândia;1706100
2021;0,00;Araguainha;5101209
2021;0,00;Abreulândia;1700251
2021;0,00;Fátima;1707553
2021;0,00;Miranorte;1713304
2021;0,00;Centro do Guilherme;2103158
2021;0,00;Riachão;2109502
2021;0,00;São Roberto;2111672
2021;0,00;Ponte Alta do Tocantins;1717909
2021;0,00;Sucupira do Norte;2111904
2021;0,00;São Pedro da Cipa;5107404
2021;0,00;Nova Timboteua;1505007
2021;0,00;Taipas do Tocantins;1720937
2021;0,00;Esperantinópolis;2104008
2021;0,00;Nossa Senhora do Livramento;5106109
2021;0,00;Pontal do Araguaia;5106653
2021;0,00;Buriti do Tocantins;1703800
2021;0,00;Bacuri;2101301
2021;0,00;Alto Taquari;5100607
2021;0,00;Santo Antônio do Leste;5107792
2021;0,00;Santa Rita do Tocantins;1718899
2021;0,00;São Salvador do Tocantins;1720259
2021;0,00;Palmeirante;1715705
2021;0,00;Vitorino Freire;2113009
2021;0,00;São Sebastião do Tocantins;1720309
2021;0,00;Porto Alegre do Tocantins;1718006
2021;0,00;Itiquira;5104609
2021;0,00;Pugmil;1718451
2021;0,00;Lago dos Rodrigues;2105948
2021;0,00;Carrasco Bonito;1703891
2021;0,00;Rosário Oeste;5107701
2021;0,00;Palmas;1721000
2021;0,00;Paranã;1716208
2021;0,00;Tupirama;1721257
2021;0,00;Porto Rico do Maranhão;2109056
2021;0,00;Passagem Franca;2107902
2021;0,00;Barra do Ouro;1703073
2021;0,00;Cajapió;2102408
2021;0,00;São Domingos do Azeitão;2110658
2021;0,00;Pequizeiro;1716653
2021;0,00;Bela Vista do Maranhão;2101772
2021;0,00;Maranhãozinho;2106375
2021;0,00;Tocantínia;1721109
2021;0,00;Chaves;1502509
2021;0,00;Alvorada;1700707
2021;0,00;Talismã;1720978
2021;0,00;Gurupi;1709500
2021;0,00;Raposa;2109452
2021;0,00;Sucupira;1720853
2021;0,00;Caseara;1703909
2021;0,00;Torixoréu;5108204
2021;0,00;Mirinzal;2106805
2021;0,00;Natividade;1714203
2021;0,00;Conceição do Lago-Açu;2103554
2021;0,00;Guiratinga;5104203
2021;0,00;Goiatins;1709005
2021;0,00;Alto Garças;5100409
2021;0,00;Santa Rosa do Tocantins;1718907
2021;0,00;Lago da Pedra;2105708
2021;0,00;Santa Luzia do Paruá;2110039
2021;0,00;Pedra Preta;5106372
2021;0,00;Rio Branco;5107206
2021;0,00;Igarapé Grande;2105203
2021;0,00;Guimarães;2104909
2021;0,00;Primavera do Leste;5107040
2021;0,00;Jaú do Tocantins;1711506
2021;0,00;Ponte Alta do Bom Jesus;1717800
2021;0,00;Barra do Garças;5101803
2021;0,00;Cachoeira Grande;2102374
2021;0,00;Axixá do Tocantins;1702901
2021;0,00;Santa Cruz do Arari;1506401
2021;0,00;Divinópolis do Tocantins;1707108
2021;0,00;Cuiabá;5103403
2021;0,00;Augusto Corrêa;1500909
2021;0,00;Nova Rosalândia;1715002
2021;0,00;Trizidela do Vale;2112233
2021;0,00;Araguanã;1702158
2021;0,00;São Vicente Ferrer;2111706
2021;0,00;Mãe do Rio;1504059
2021;0,00;Arraias;1702406
2021;0,00;Juarina;1711803
2021;0,00;Olinda Nova do Maranhão;2107456
2021;0,00;Acorizal;5100102
2021;0,00;Angico;1701051
2021;0,00;Afuá;1500305
2021;0,00;Bom Lugar;2102077
2021;0,00;São Mateus do Maranhão;2111508
2021;0,00;Serrano do Maranhão;2111789
2021;0,00;Barrolândia;1703107
2021;0,00;Icatu;2105104
2021;0,00;Campos Lindos;1703842
2021;0,00;Chapada de Areia;1704600
2021;0,00;Bernardo Sayão;1703206
2021;0,00;Dianópolis;1707009
2021;0,00;General Carneiro;5103908
2021;0,00;São Raimundo do Doca Bezerra;2111631
2021;0,00;Rio Sono;1718758
2021;0,00;São Félix de Balsas;2110807
2021;0,00;Cariri do Tocantins;1703867
2021;0,00;Campinápolis;5102603
2021;0,00;Novo Acordo;1715101
2021;0,00;Soure;1507904
2021;0,00;Tabocão;1708254
2021;0,00;Luciara;5105309
2021;0,00;Bacabal;2101202
2021;0,00;Brasilândia do Tocantins;1703602
2021;0,00;São Bento;2110500
2021;0,00;Paraíso do Tocantins;1716109
2021;0,00;Santa Maria do Tocantins;1718881
2021;0,00;Lajeado;1712009
2021;0,00;Jaciara;5104807
2021;0,00;Aurora do Tocantins;1702703
2021;0,00;Brejinho de Nazaré;1703701
2021;0,00;Silvanópolis;1720655
2021;0,00;Chapada da Natividade;1705102
2021;0,00;Porto Nacional;1718204
2021;0,00;Lavandeira;1712157
2021;0,00;Rio dos Bois;1718709
2021;0,00;São João do Carú;2111029
2021;0,00;Altamira do Maranhão;2100402
2021;0,00;Barão de Melgaço;5101605
2021;0,00;Poconé;5106505
2021;0,00;Santa Luzia do Pará;1506559
2021;0,00;Monte Santo do Tocantins;1713700
2021;0,00;Amapá;1600105
2021;0,00;Ipueiras;1709807
2021;0,00;Crixás do Tocantins;1706258
2021;0,00;Apicum-Açu;2100832
2021;0,00;Presidente Médici;2109239
2021;0,00;Ponte Branca;5106703
2021;0,00;Santa Tereza do Tocantins;1719004
2021;0,00;Paraibano;2107704
2021;0,00;Lago Verde;2105906
2021;0,00;Cedral;2103109
2021;0,00;Indiavaí;5104500
2021;0,00;Babaçulândia;1703008
2021;0,00;Pindorama do Tocantins;1717008
2021;0,00;Palmeirândia;2107605
2021;0,00;Alto Araguaia;5100300
2021;0,00;Pio XII;2108702
2021;0,00;Rio da Conceição;1718659
2021;0,00;Ponta de Pedras;1505700
2021;0,00;Pastos Bons;2108009
2021;0,00;São Pedro dos Crentes;2111573
2021;0,00;Araguanã;2100873
2021;0,00;Colinas do Tocantins;1705508
2021;0,00;Fortaleza dos Nogueiras;2104107
2021;0,00;Araguaçu;1702000
2021;0,00;Santa Maria do Pará;1506609
2021;0,00;Aparecida do Rio Negro;1701101
2021;0,00;Tupiratins;1721307
2021;0,00;Aliança do Tocantins;1700350
2021;0,00;Estreito;2104057
2021;0,00;São Félix do Tocantins;1720150
2021;0,00;Normandia;1400407
2021;0,00;Ribeirãozinho;5107198
2021;0,00;Balsas;2101400
2021;0,00;Novo Jardim;1715259
2021;0,00;Novo Alegre;1715150
2021;0,00;Figueirópolis D'Oeste;5103809
2021;0,00;Tufilândia;2112274
2021;0,00;Figueirópolis;1707652
2021;0,00;Alto Alegre do Pindaré;2100477
2021;0,00;Miracema do Tocantins;1713205
2021;0,00;Tasso Fragoso;2112001
2021;0,00;Várzea Grande;5108402
2021;0,00;Monte do Carmo;1713601
2021;0,00;Santa Inês;2109908
2021;0,00;Tesouro;5108105
2021;0,00;Marituba;1504422
2021;0,00;Riachinho;1718550
2021;0,00;Ananindeua;1500800
2021;0,00;Planalto da Serra;5106455
2021;0,00;Conceição do Tocantins;1705607
2021;0,00;Alto Parnaíba;2100501
2021;0,00;Poção de Pedras;2108900
2021;0,00;Nobres;5105903
2021;0,00;São João Batista;2111003
2021;0,00;São José do Povo;5107297
2021;0,00;Nova Iorque;2107308
2021;0,00;Peixe;1716604
2021;0,00;Jangada;5104906
2021;0,00;Presidente Kennedy;1718402
2021;0,00;São Raimundo das Mangabeiras;2111607
2021;0,00;Pedreiras;2108207
2021;0,00;Bandeirantes do Tocantins;1703057
2021;0,00;Mirador;2106706
2021;0,00;Mateiros;1712702
2021;0,00;Nova Olinda;1714880
2021;0,00;Nova Colinas;2107258
2021;0,00;Glória D'Oeste;5103957
2021;0,00;Satubinha;2111722
2021;0,00;Oliveira de Fátima;1715507
2021;0,00;Pindaré-Mirim;2108504
2021;0,00;Cururupu;2103703
2021;0,00;Itapiratins;1710904
2021;0,00;Novo São Joaquim;5106281
2021;0,00;Nova Xavantina;5106257
2021;0,00;Itacajá;1710508
2021;0,00;Almas;1700400
2021;0,00;Loreto;2106102
2021;0,00;Palmeirópolis;1715754
2021;0,00;Bernardo do Mearim;2101939
2021;0,00;Sambaíba;2109700
2021;0,00;Governador Newton Bello;2104651
2021;0,00;Lizarda;1712405
2021;0,00;Taguatinga;1720903
2021;0,00;Bacurituba;2101350
2021;0,00;Centenário;1704105
2021;0,00;Feira Nova do Maranhão;2104073
2021;0,00;Lago do Junco;2105807
2021;0,00;Combinado;1705557
2021;0,00;São Valério;1720499
2021;0,00;Itaporã do Tocantins;1711100
2021;0,00;Maurilândia do Tocantins;1712801
2021;7,42;Alvarães;1300029
2021;4,50;Theobroma;1101609
2021;0,09;Santarém Novo;1506906
2021;15,46;Cachoeira do Piriá;1501956
2021;0,31;Capanema;1502202
2021;0,50;Santa Izabel do Pará;1506500
2021;1,62;Buriti Bravo;2102309
2021;0,42;Boa Vista;1400100
2021;133,74;Anapu;1500859
2021;9,66;Pimenteiras do Oeste;1101468
2021;1,05;Santa Luzia D'Oeste;1100296
2021;0,30;Cametá;1502103
2021;2,61;Itapecuru Mirim;2105401
2021;0,28;Arenápolis;5101308
2021;1,29;Araguaína;1702109
2021;23,37;Comodoro;5103304
2021;2,12;Salto do Céu;5107750
2021;22,71;Caracaraí;1400209
2021;10,31;Acará;1500206
2021;4,69;Godofredo Viana;2104305
2021;2,17;Wanderlândia;1722081
2021;53,99;Rorainópolis;1400472
2021;0,18;Arari;2101004
2021;1,80;Araputanga;5101258
2021;12,17;Amarante do Maranhão;2100600
2021;2,82;Terra Nova do Norte;5108055
2021;25,29;Iracema;1400282
2021;112,29;Senador José Porfírio;1507805
2021;2,29;Presidente Dutra;2109106
2021;0,60;Fonte Boa;1301605
2021;1,50;São Domingos do Araguaia;1507151
2021;22,84;Santa Terezinha;5107776
2021;12,35;Santa Maria das Barreiras;1506583
2021;0,74;Monção;2106904
2021;0,39;Cachoeira do Arari;1502004
2021;6,07;Eirunepé;1301407
2021;2,78;Senador Alexandre Costa;2111748
2021;7,99;Bom Jesus do Tocantins;1501576
2021;0,00;Central do Maranhão;2103125
2021;0,68;Luís Domingues;2106201
2021;20,37;Bom Jesus das Selvas;2102036
2021;0,35;Ribamar Fiquene;2109551
2021;0,13;Terra Alta;1507961
2021;1,08;Amapá do Maranhão;2100550
2021;4,18;Vale de São Domingos;5108352
2021;2,04;Alvorada D'Oeste;1100346
2021;1,50;Silves;1304005
2021;0,64;João Lisboa;2105500
2021;37,57;Monte Alegre;1504802
2021;0,71;Sorriso;5107925
2021;0,37;Nazaré;1714302
2021;29,62;Ipixuna do Pará;1503457
2021;4,15;Corumbiara;1100072
2021;12,84;Alto Alegre;1400050
2021;25,80;Bujari;1200138
2021;1,47;São Geraldo do Araguaia;1507458
2021;7,03;Governador Eugênio Barros;2104602
2021;17,15;Oriximiná;1505304
2021;15,91;Arame;2100956
2021;0,09;Nova Olinda do Maranhão;2107357
2021;97,02;Apiacás;5100805
2021;14,56;Alta Floresta;5100250
2021;30,17;Nova Maringá;5108907
2021;2,15;Laranjal do Jari;1600279
2021;0,32;Peixe-Boi;1505601
2021;267,42;Colniza;5103254
2021;8,47;Santa Carmem;5107248
2021;0,30;Muaná;1504901
2021;25,07;São José do Rio Claro;5107305
2021;5,13;Dueré;1707306
2021;1,35;Marapanim;1504406
2021;0,14;Guaraí;1709302
2021;0,83;Fernando Falcão;2104081
2021;134,71;Manicoré;1302702
2021;1,31;Cândido Mendes;2102606
2021;1,68;Nova Olímpia;5106232
2021;1,64;Manaquiri;1302553
2021;0,10;Tocantinópolis;1721208
2021;0,22;Pracuúba;1600550
2021;3,78;Santa Luzia;2110005
2021;3,93;Viseu;1508308
2021;18,29;Porto dos Gaúchos;5106802
2021;1,73;Benjamin Constant;1300607
2021;0,11;Curvelândia;5103437
2021;19,45;Grajaú;2104800
2021;48,45;Juína;5105150
2021;219,75;Candeias do Jamari;1100809
2021;20,77;Governador Jorge Teixeira;1101005
2021;1,63;Jacundá;1503804
2021;57,19;Machadinho D'Oeste;1100130
2021;4,07;Santa Rosa do Purus;1200435
2021;0,14;Goianorte;1708304
2021;2,29;Santa Helena;2109809
2021;6,33;Marechal Thaumaturgo;1200351
2021;0,94;Urucará;1304302
2021;1,85;Melgaço;1504505
2021;0,13;Araguaiana;5101001
2021;33,14;Pimenta Bueno;1100189
2021;5,38;São João do Araguaia;1507508
2021;1,41;Nova Guarita;5108808
2021;4,57;Juruti;1503903
2021;12,02;Ipixuna;1301803
2021;7,96;Nova União;1101435
2021;2,71;Jaru;1100114
2021;1,10;Pacaraima;1400456
2021;0,27;Vargem Grande;2112704
2021;3,03;Floresta do Araguaia;1503044
2021;0,12;São José de Ribamar;2111201
2021;4,65;Conceição do Araguaia;1502707
2021;0,90;Formosa da Serra Negra;2104099
2021;59,23;Nova Ubiratã;5106240
2021;1,16;Jutaí;1302306
2021;0,08;Denise;5103452
2021;0,10;Alto Paraguai;5100508
2021;0,21;Campo Verde;5102678
2021;0,24;Marianópolis do Tocantins;1712504
2021;0,56;Colméia;1716703
2021;2,92;Tapurah;5108006
2021;3,23;Sapezal;5107875
2021;3,72;Colinas;2103505
2021;2,78;Curralinho;1502806
2021;13,56;Açailândia;2100055
2021;0,53;Amaturá;1300060
2021;0,31;São Bento do Tocantins;1720101
2021;3,71;Nova Ipixuna;1504976
2021;28,06;Pauini;1303502
2021;24,86;Alta Floresta D'Oeste;1100015
2021;34,58;Rondon do Pará;1506187
2021;0,87;Tucumã;1508084
2021;21,37;São João da Baliza;1400506
2021;0,41;Paulo Ramos;2108108
2021;0,60;Boa Vista do Ramos;1300680
2021;12,51;São Miguel do Guaporé;1100320
2021;17,19;Careiro da Várzea;1301159
2021;355,58;Itaituba;1503606
2021;0,08;Itaubal;1600253
2021;5,59;São Gabriel da Cachoeira;1303809
2021;88,22;Juara;5105101
2021;0,30;Bragança;1501709
2021;0,24;São Francisco do Pará;1507409
2021;0,63;Rosário;2109601
2021;2,69;Porto Franco;2109007
2021;17,72;Santarém;1506807
2021;9,71;Novo Santo Antônio;5106315
2021;0,89;Salinópolis;1506203
2021;0,54;São Francisco do Brejão;2110856
2021;1,09;Castanheiras;1100908
2021;3,45;Faro;1503002
2021;0,68;Curuçá;1502905
2021;0,31;Inhangapi;1503408
2021;26,27;Santana do Araguaia;1506708
2021;3,33;Juruena;5105176
2021;1,97;Barcarena;1501303
2021;0,46;Novo Horizonte do Norte;5106273
2021;0,90;Xinguara;1508407
2021;0,09;Sítio Novo;2111805
2021;0,88;Carutapera;2102903
2021;22,90;Tomé-Açu;1508001
2021;0,95;Montes Altos;2107001
2021;197,77;Humaitá;1301704
2021;3,89;Terra Santa;1507979
2021;2,59;Aurora do Pará;1500958
2021;0,13;Recursolândia;1718501
2021;169,47;Rurópolis;1506195
2021;1,74;Atalaia do Norte;1300201
2021;5,06;Coari;1301209
2021;0,55;Água Boa;5100201
2021;12,78;Tefé;1304203
2021;0,13;Santana;1600600
2021;55,69;Moju;1504703
2021;4,33;Vitória do Xingu;1508357
2021;139,61;Uruará;1508159
2021;24,76;Guajará;1301654
2021;1,45;Praia Norte;1718303
2021;31,54;Almeirim;1500503
2021;21,87;Itinga do Maranhão;2105427
2021;31,71;Seringueiras;1101500
2021;0,57;Bujaru;1501907
2021;0,59;Vila Nova dos Martírios;2112852
2021;4,41;Cabixi;1100031
2021;5,84;Rio Maria;1506161
2021;6,90;Careiro;1301100
2021;1,29;Colorado do Oeste;1100064
2021;7,98;São Luiz;1400605
2021;0,27;Tangará da Serra;5107958
2021;5,37;Água Azul do Norte;1500347
2021;0,20;Igarapé do Meio;2105153
2021;1,59;São Sebastião do Uatumã;1303957
2021;10,44;Itanhangá;5104542
2021;104,20;Tarauacá;1200609
2021;17,65;Assis Brasil;1200054
2021;16,36;Belterra;1501451
2021;4,10;Rio Preto da Eva;1303569
2021;0,81;Novo Horizonte do Oeste;1100502
2021;88,41;Peixoto de Azevedo;5106422
2021;28,86;Alto Paraíso;1100403
2021;0,07;Bacabeira;2101251
2021;2,66;Conquista D'Oeste;5103361
2021;0,49;Capinzal do Norte;2102754
2021;11,39;Santa Cruz do Xingu;5107743
2021;0,07;Nova Brasilândia;5106208
2021;14,18;Nova Canaã do Norte;5106216
2021;0,77;Dois Irmãos do Tocantins;1707207
2021;0,46;Sandolândia;1718840
2021;1,61;São José do Xingu;5107354
2021;10,82;Governador Luiz Rocha;2104628
2021;2,01;Caapiranga;1300839
2021;2,33;Nova Marilândia;5108857
2021;0,14;Benevides;1501501
2021;0,37;Itaguatins;1710706
2021;11,58;Guarantã do Norte;5104104
2021;20,17;Senador Guiomard;1200450
2021;46,79;Cumaru do Norte;1502764
2021;6,87;Curuá;1502855
2021;6,14;Bagre;1501105
2021;0,28;Morros;2107100
2021;3,23;Barreirinha;1300508
2021;2,24;Porto Grande;1600535
2021;8,29;Matupá;5105606
2021;15,55;Alto Boa Vista;5100359
2021;0,84;São Miguel do Guamá;1507607
2021;0,67;Turiaçu;2112407
2021;6,07;Canabrava do Norte;5102694
2021;20,51;Itapuã do Oeste;1101104
2021;7,36;Parauapebas;1505536
2021;141,31;Placas;1505650
2021;1,35;Curionópolis;1502772
2021;10,18;Tuntum;2112308
2021;1,00;Vitória do Mearim;2112902
2021;0,68;Brejo de Areia;2102150
2021;2,47;Parintins;1303403
2021;3,91;Pau D'Arco;1505551
2021;0,45;Anori;1300102
2021;2,00;Pedra Branca do Amapari;1600154
2021;576,96;São Félix do Xingu;1507300
2021;1,93;Santa Rita;2110203
2021;0,48;Belém;1501402
2021;21,71;Gaúcha do Norte;5103858
2021;2,46;Mazagão;1600402
2021;1,09;Presidente Médici;1100254
2021;0,68;Mirassol d'Oeste;5105622
2021;12,21;Rodrigues Alves;1200427
2021;47,31;Autazes;1300300
2021;4,97;Bannach;1501253
2021;0,40;São João da Ponta;1507466
2021;0,31;Governador Edison Lobão;2104552
2021;123,97;Nova Bandeirantes;5106158
2021;1,14;Jatobá;2105450
2021;0,28;Tracuateua;1508035
2021;0,62;Viana;2112803
2021;61,84;Mojuí dos Campos;1504752
2021;36,07;Confresa;5103353
2021;0,70;Iranduba;1301852
2021;2,40;Nova Brasilândia D'Oeste;1100148
2021;0,13;Chapada dos Guimarães;5103007
2021;0,62;Ananás;1701002
2021;7,63;Ouro Preto do Oeste;1100155
2021;1,70;Abaetetuba;1500107
2021;0,41;Redenção;1506138
2021;1,48;São Luís;2111300
2021;5,68;Diamantino;5103502
2021;0,66;Campos de Júlio;5102686
2021;8,33;Peritoró;2108454
2021;1,02;Novo Airão;1303205
2021;6,35;Nova Olinda do Norte;1303106
2021;3,00;Buritirana;2102358
2021;19,51;Cantá;1400175
2021;1,88;Pirapemas;2108801
2021;21,35;São Félix do Araguaia;5107859
2021;1,21;Magalhães Barata;1504109
2021;1,98;Maraã;1302801
2021;2,42;Canaã dos Carajás;1502152
2021;0,07;Maracaçumé;2106326
2021;9,67;Fortuna;2104206
2021;3,11;Cerejeiras;1100056
2021;0,17;Juscimeira;5105200
2021;41,54;Manoel Urbano;1200344
2021;1,92;São João de Pirabas;1507474
2021;3,78;Parecis;1101450
2021;0,88;Tartarugalzinho;1600709
2021;19,60;Campo Novo de Rondônia;1100700
2021;27,08;Guajará-Mirim;1100106
2021;16,91;Monte Negro;1101401
2021;1,81;Coroatá;2103604
2021;10,35;Amajari;1400027
2021;0,36;Lagoa Grande do Maranhão;2105963
2021;15,19;Plácido de Castro;1200385
2021;7,54;São Domingos do Maranhão;2110708
2021;0,07;Augustinópolis;1702554
2021;0,33;Araguacema;1701903
2021;170,34;Aripuanã;5101407
2021;2,07;Abel Figueiredo;1500131
2021;0,20;Pium;1717503
2021;32,39;São Francisco do Guaporé;1101492
2021;1,43;Piraquê;1717206
2021;0,23;Esperantina;1707405
2021;0,33;São Felipe D'Oeste;1101484
2021;0,61;Darcinópolis;1706506
2021;31,92;Alenquer;1500404
2021;111,31;Sena Madureira;1200500
2021;48,26;Itupiranga;1503705
2021;42,72;Feliz Natal;5103700
2021;2,09;Formoso do Araguaia;1708205
2021;66,91;Prainha;1506005
2021;0,97;Anajás;1500701
2021;0,08;Bequimão;2101905
2021;2,29;Capitão Poço;1502301
2021;5,22;Mirante da Serra;1101302
2021;1,13;Itamarati;1301951
2021;38,27;Acrelândia;1200013
2021;30,36;Cotriguaçu;5103379
2021;1,91;Piçarra;1505635
2021;0,95;Dom Pedro;2103802
2021;14,93;Borba;1300805
2021;0,08;Poxoréu;5107008
2021;4,58;Nova Mutum;5106224
2021;1,83;São Paulo de Olivença;1303908
2021;139,01;Feijó;1200302
2021;200,16;Boca do Acre;1300706
2021;0,18;Sítio Novo do Tocantins;1720804
2021;26,11;Nova Monte Verde;5108956
2021;4,53;Centro Novo do Maranhão;2103174
2021;0,59;Maracanã;1504307
2021;8,29;Rio Crespo;1100262
2021;0,29;Presidente Vargas;2109304
2021;0,10;Santa Bárbara do Pará;1506351
2021;0,46;Cocalinho;5103106
2021;13,59;Envira;1301506
2021;0,71;Graça Aranha;2104701
2021;51,25;Porto de Moz;1505908
2021;0,07;Ferreira Gomes;1600238
2021;1,36;Santo Antônio do Leverger;5107800
2021;0,96;Miranda do Norte;2106755
2021;1,13;Palestina do Pará;1505494
2021;11,78;Espigão D'Oeste;1100098
2021;105,46;Medicilândia;1504455
2021;1,35;Santo Antônio dos Lopes;2110302
2021;3,32;Santo Afonso;5107263
2021;1,81;Santo Antônio do Içá;1303700
2021;4,82;Cidelândia;2103257
2021;0,16;Alcântara;2100204
2021;1,96;Brejo Grande do Araguaia;1501758
2021;240,65;Portel;1505809
2021;0,35;Salvaterra;1506302
2021;0,06;Primavera;1506104
2021;97,63;Rio Branco;1200401
2021;29,38;Capixaba;1200179
2021;3,70;Tabatinga;1304062
2021;29,57;Óbidos;1505106
2021;0,29;Junco do Maranhão;2105658
2021;0,50;Boa Vista do Gurupi;2101970
2021;1,06;Carauari;1301001
2021;0,20;Luzinópolis;1712454
2021;1,59;Itapiranga;1302009
2021;2,18;Reserva do Cabaçal;5107156
2021;1,16;Garrafão do Norte;1503077
2021;0,20;Davinópolis;2103752
2021;5,32;Vila Bela da Santíssima Trindade;5105507
2021;4,27;Japurá;1302108
2021;20,12;Paranaíta;5106299
2021;1,27;São Miguel do Tocantins;1720200
2021;23,10;Tabaporã;5107941
2021;1,32;Rolim de Moura;1100288
2021;2,67;Turilândia;2112456
2021;0,54;São João do Paraíso;2111052
2021;10,00;Cacaulândia;1100601
2021;0,16;São José dos Quatro Marcos;5107107
2021;0,07;Alto Alegre do Maranhão;2100436
2021;0,14;Dom Aquino;5103601
2021;0,38;São Caetano de Odivelas;1507102
2021;1,91;Carlinda;5102793
2021;0,25;Pau D'Arco;1716307
2021;6,55;Pontes e Lacerda;5106752
2021;25,36;Querência;5107065
2021;1,56;Presidente Sarney;2109270
2021;0,07;São Luís Gonzaga do Maranhão;2111409
2021;0,41;Paço do Lumiar;2107506
2021;0,13;Santa Fé do Araguaia;1718865
2021;24,19;Vilhena;1100304
2021;0,11;Palmeiras do Tocantins;1713809
2021;329,88;Apuí;1300144
2021;16,52;Itacoatiara;1301902
2021;9,24;Vale do Anari;1101757
2021;2,47;Ribeirão Cascalheira;5107180
2021;0,48;Santa Filomena do Maranhão;2109759
2021;14,96;Presidente Figueiredo;1303536
2021;0,01;Cachoeirinha;1703826
2021;68,47;Mucajaí;1400308
2021;190,53;Novo Repartimento;1505064
2021;0,38;Senador La Rocque;2111763
2021;0,53;Uiramutã;1400704
2021;2,57;Governador Archer;2104503
2021;1,65;Cantanhede;2102705
2021;1,09;Calçoene;1600204
2021;0,99;São Pedro da Água Branca;2111532
2021;540,23;Lábrea;1302405
2021;1,39;Barcelos;1300409
2021;0,31;Matões do Norte;2106631
2021;0,20;Bonito;1501600
2021;0,94;Porto Esperidião;5106828
2021;0,73;Lambari D'Oeste;5105234
2021;258,19;Pacajá;1505486
2021;110,76;Jacareacanga;1503754
2021;1,42;Codajás;1301308
2021;21,76;Bom Jardim;2102002
2021;120,75;Cujubim;1100940
2021;3,55;Marajá do Sena;2106359
2021;14,63;Baião;1501204
2021;58,61;Xapuri;1200708
2021;133,13;Marcelândia;5105580
2021;0,32;Nova Nazaré;5106174
2021;6,68;Beruri;1300631
2021;0,82;Urucurituba;1304401
2021;414,17;Novo Progresso;1505031
2021;0,33;Vigia;1508209
2021;13,07;Breu Branco;1501782
2021;28,58;Paranatinga;5106307
2021;31,20;Paragominas;1505502
2021;1,49;Sapucaia;1507755
2021;94,68;Nova Mamoré;1100338
2021;0,41;Pedro do Rosário;2108256
2021;120,39;Trairão;1508050
2021;0,07;Penalva;2108306
2021;2,19;Gurupá;1503101
2021;1,20;Bom Jesus do Araguaia;5101852
2021;0,09;Governador Nunes Freire;2104677
2021;8,83;Nova Santa Helena;5106190
2021;0,29;Concórdia do Pará;1502756
2021;0,07;Rondonópolis;5107602
2021;0,59;Jenipapo dos Vieiras;2105476
2021;0,20;Axixá;2101103
2021;0,59;Lajeado Novo;2105989
2021;4,41;Igarapé-Miri;1503309
2021;1,11;Santa Terezinha do Tocantins;1720002
2021;1,06;Xambioá;1722107
2021;0,33;Campestre do Maranhão;2102556
2021;22,05;Vila Rica;5108600
2021;3,13;Eldorado do Carajás;1502954
2021;0,19;Sampaio;1718808
2021;0,00;Mocajuba;1504604
2021;2,39;Nova Esperança do Piriá;1504950
2021;5,66;Manaus;1302603
2021;0,87;Canarana;5102702
2021;619,34;Porto Velho;1100205
2021;0,84;Urupá;1101708
2021;16,24;Porto Alegre do Norte;5106778
2021;28,96;Goianésia do Pará;1503093
2021;765,53;Altamira;1500602
2021;0,78;Cajari;2102507
2021;2,31;Ministro Andreazza;1101203
2021;0,27;São Sebastião da Boa Vista;1507706
2021;0,12;Anajatuba;2100709
2021;7,69;Gonçalves Dias;2104404
2021;73,58;Marabá;1504208
2021;0,15;Porto Estrela;5106851
2021;12,21;Brasnorte;5101902
2021;0,00;São João do Soter;2111078
2021;10,70;Mâncio Lima;1200336
2021;2,31;Breves;1501808
2021;9,90;Barra do Bugres;5101704
2021;3,95;Ipiranga do Norte;5104526
2021;15,27;Chupinguaia;1100924
2021;1,74;Santa Isabel do Rio Negro;1303601
2021;17,89;Novo Mundo;5106265
2021;67,30;União do Sul;5108303
2021;1,56;Itaipava do Grajaú;2105351
2021;0,47;Santo Antônio do Tauá;1507003
2021;0,57;Presidente Juscelino;2109205
2021;0,34;Limoeiro do Ajuru;1504000
2021;0,86;Lagoa da Confusão;1711902
2021;66,09;Rondolândia;5107578
2021;0,15;Arapoema;1702307
2021;18,28;Cacoal;1100049
2021;0,35;Serra do Navio;1600055
2021;67,98;Maués;1302900
2021;0,10;Matinha;2106508
2021;0,92;Castanhal;1502400
2021;3,64;Serra Nova Dourada;5107883
2021;0,52;Tonantins;1304237
2021;2,96;Ji-Paraná;1100122
2021;16,44;Buriticupu;2102325
2021;0,61;Aguiarnópolis;1700301
2021;0,08;Colares;1502608
2021;5,90;Manacapuru;1302504
2021;0,24;Peri Mirim;2108405
2021;20,13;Brasil Novo;1501725
2021;0,71;Oiapoque;1600501
2021;51,59;Tapauá;1304104
2021;0,53;Lucas do Rio Verde;5105259
2021;0,94;Aragominas;1701309
2021;1,18;Joselândia;2105609
2021;1,73;Pinheiro;2108603
2021;0,32;Teixeirópolis;1101559
2021;4,25;Codó;2103307
2021;2,25;Nova Lacerda;5106182
2021;31,50;Porto Acre;1200807
2021;14,34;Itaúba;5104559
2021;35,71;Buritis;1100452
2021;0,10;Cutias;1600212
2021;34,78;Costa Marques;1100080
2021;5,05;Cáceres;5102504
2021;14,40;Tucuruí;1508100
2021;12,64;Alto Alegre dos Parecis;1100379
2021;0,54;Imperatriz;2105302
2021;39,45;Tailândia;1507953
2021;18,65;Epitaciolândia;1200252
2021;14,96;Ourilândia do Norte;1505437
2021;61,01;Brasiléia;1200104
2021;3,97;Campo Novo do Parecis;5102637
2021;1,44;Primavera de Rondônia;1101476
2021;0,29;Couto Magalhães;1706001
2021;5,98;Uarini;1304260
2021;0,90;Macapá;1600303
2021;0,79;Irituia;1503507
2021;2,72;Vitória do Jari;1600808
2021;5,01;Colíder;5103205
2021;14,91;Ariquemes;1100023
2021;6,40;Sinop;5107909
2021;12,84;Vera;5108501
2021;4,62;Nhamundá;1303007
2021;194,39;Novo Aripuanã;1303304
2021;0,07;Quatipuru;1506112
2021;0,22;Timbiras;2112100
2021;74,79;Ulianópolis;1508126
2021;2,40;Jauru;5105002
2021;1,80;Bonfim;1400159
2021;1,72;Anamã;1300086
2021;33,57;Cruzeiro do Sul;1200203
2021;43,14;Dom Eliseu;1502939
2021;0,42;Ourém;1505403
2021;24,23;Cláudia;5103056
2021;0,79;Muricilândia;1713957
2021;0,23;Lima Campos;2106003
2021;0,07;Igarapé-Açu;1503200
2021;0,21;Pedro Afonso;1716505
2021;126,97;Canutama;1300904
2021;10,55;Oeiras do Pará;1505205
2021;3,91;Araguatins;1702208
2021;1,57;Juruá;1302207
2021;1,19;São Domingos do Capim;1507201
2021;55,58;Aveiro;1501006
2021;9,74;Jordão;1200328
2021;0,23;Carmolândia;1703883
2021;8,40;Santa Rita do Trivelato;5107768
2021;0,43;São José dos Basílios;2111250
2021;0,37;Zé Doca;2114007
2021;0,42;Bom Jesus do Tocantins;1703305
2021;2,18;Vale do Paraíso;1101807
2021;37,25;Caroebe;1400233
2021;5,05;Castanheira;5102850
2021;14,74;Barra do Corda;2101608
2021;0,00;Lagoa do Tocantins;1711951
2020;0,00;Lagoa do Tocantins;1711951
2020;0,00;Itaubal;1600253
2020;0,00;Central do Maranhão;2103125
2020;0,00;Filadélfia;1707702
2020;0,00;Carolina;2102804
2020;0,00;Olho d'Água das Cunhãs;2107407
2020;0,00;Benedito Leite;2101806
2020;0,00;Cristalândia;1706100
2020;0,00;Araguainha;5101209
2020;0,00;Fátima;1707553
2020;0,00;Miranorte;1713304
2020;0,00;Santa Rita do Trivelato;5107768
2020;0,00;Riachão;2109502
2020;0,00;São Roberto;2111672
2020;0,00;Dois Irmãos do Tocantins;1707207
2020;0,00;Ponte Alta do Tocantins;1717909
2020;0,00;Sucupira do Norte;2111904
2020;0,00;São Pedro da Cipa;5107404
2020;0,00;Taipas do Tocantins;1720937
2020;0,00;Esperantinópolis;2104008
2020;0,00;Pontal do Araguaia;5106653
2020;0,00;Bacuri;2101301
2020;0,00;Alto Taquari;5100607
2020;0,00;Santo Antônio do Leste;5107792
2020;0,00;Santa Rita do Tocantins;1718899
2020;0,00;São Salvador do Tocantins;1720259
2020;0,00;Palmeirante;1715705
2020;0,00;Vitorino Freire;2113009
2020;0,00;São Sebastião do Tocantins;1720309
2020;0,00;Porto Alegre do Tocantins;1718006
2020;0,00;Itiquira;5104609
2020;0,00;Pugmil;1718451
2020;0,00;Lago dos Rodrigues;2105948
2020;0,00;Rosário Oeste;5107701
2020;0,00;Palmas;1721000
2020;0,00;Paranã;1716208
2020;0,00;Tupirama;1721257
2020;0,00;Porto Rico do Maranhão;2109056
2020;0,00;Couto Magalhães;1706001
2020;0,00;Passagem Franca;2107902
2020;0,00;Barra do Ouro;1703073
2020;0,00;Cajapió;2102408
2020;0,00;São Domingos do Azeitão;2110658
2020;0,00;Pequizeiro;1716653
2020;0,00;Bela Vista do Maranhão;2101772
2020;0,00;Fonte Boa;1301605
2020;0,00;Maranhãozinho;2106375
2020;0,00;Tocantínia;1721109
2020;0,00;Alvorada;1700707
2020;0,00;Talismã;1720978
2020;0,00;Gurupi;1709500
2020;0,00;Sucupira;1720853
2020;0,00;Torixoréu;5108204
2020;0,00;Mirinzal;2106805
2020;0,00;Natividade;1714203
2020;0,00;Conceição do Lago-Açu;2103554
2020;0,00;Guiratinga;5104203
2020;0,00;Goiatins;1709005
2020;0,00;Alto Garças;5100409
2020;0,00;Santa Rosa do Tocantins;1718907
2020;0,00;Lago da Pedra;2105708
2020;0,00;Pedra Preta;5106372
2020;0,00;Rio Branco;5107206
2020;0,00;Igarapé Grande;2105203
2020;0,00;Guimarães;2104909
2020;0,00;Primavera do Leste;5107040
2020;0,00;Jaú do Tocantins;1711506
2020;0,00;Alto Paraguai;5100508
2020;0,00;Ponte Alta do Bom Jesus;1717800
2020;0,00;Barra do Garças;5101803
2020;0,00;Santa Cruz do Arari;1506401
2020;0,00;Divinópolis do Tocantins;1707108
2020;0,00;Cuiabá;5103403
2020;0,00;Augusto Corrêa;1500909
2020;0,00;Nova Rosalândia;1715002
2020;0,00;Trizidela do Vale;2112233
2020;0,00;São Vicente Ferrer;2111706
2020;0,00;Pium;1717503
2020;0,00;Aguiarnópolis;1700301
2020;0,00;Axixá;2101103
2020;0,00;Arraias;1702406
2020;0,00;Juarina;1711803
2020;0,00;Olinda Nova do Maranhão;2107456
2020;0,00;Acorizal;5100102
2020;0,00;Afuá;1500305
2020;0,00;Bom Lugar;2102077
2020;0,00;Serrano do Maranhão;2111789
2020;0,00;Barrolândia;1703107
2020;0,00;Campos Lindos;1703842
2020;0,00;São Bento do Tocantins;1720101
2020;0,00;Dianópolis;1707009
2020;0,00;Junco do Maranhão;2105658
2020;0,00;General Carneiro;5103908
2020;0,00;São Raimundo do Doca Bezerra;2111631
2020;0,00;Rio Sono;1718758
2020;0,00;São Félix de Balsas;2110807
2020;0,00;Cariri do Tocantins;1703867
2020;0,00;Campinápolis;5102603
2020;0,00;Novo Acordo;1715101
2020;0,00;Soure;1507904
2020;0,00;Tabocão;1708254
2020;0,00;Bacabal;2101202
2020;0,00;Luzinópolis;1712454
2020;0,00;Brasilândia do Tocantins;1703602
2020;0,00;Paraíso do Tocantins;1716109
2020;0,00;Nazaré;1714302
2020;0,00;Santa Maria do Tocantins;1718881
2020;0,00;Lajeado;1712009
2020;0,00;Jaciara;5104807
2020;0,00;Goianorte;1708304
2020;0,00;Aurora do Tocantins;1702703
2020;0,00;Brejinho de Nazaré;1703701
2020;0,00;Silvanópolis;1720655
2020;0,00;Chapada da Natividade;1705102
2020;0,00;Porto Nacional;1718204
2020;0,00;Lavandeira;1712157
2020;0,00;Rio dos Bois;1718709
2020;0,00;Altamira do Maranhão;2100402
2020;0,00;Amapá;1600105
2020;0,00;Ipueiras;1709807
2020;0,00;Crixás do Tocantins;1706258
2020;0,00;Presidente Médici;2109239
2020;0,00;Ponte Branca;5106703
2020;0,00;Santa Tereza do Tocantins;1719004
2020;0,00;Paraibano;2107704
2020;0,00;Lago Verde;2105906
2020;0,00;Cedral;2103109
2020;0,00;Indiavaí;5104500
2020;0,00;Babaçulândia;1703008
2020;0,00;Pindorama do Tocantins;1717008
2020;0,00;Palmeirândia;2107605
2020;0,00;Alto Araguaia;5100300
2020;0,00;Pio XII;2108702
2020;0,00;Rio da Conceição;1718659
2020;0,00;Ponta de Pedras;1505700
2020;0,00;Araguaiana;5101001
2020;0,00;Pastos Bons;2108009
2020;0,00;São Pedro dos Crentes;2111573
2020;0,00;Governador Edison Lobão;2104552
2020;0,00;Colinas do Tocantins;1705508
2020;0,00;Fortaleza dos Nogueiras;2104107
2020;0,00;Alcântara;2100204
2020;0,00;Araguaçu;1702000
2020;0,00;Sandolândia;1718840
2020;0,00;Aparecida do Rio Negro;1701101
2020;0,00;Tupiratins;1721307
2020;0,00;Aliança do Tocantins;1700350
2020;0,00;São Félix do Tocantins;1720150
2020;0,00;Normandia;1400407
2020;0,00;Ribeirãozinho;5107198
2020;0,00;Balsas;2101400
2020;0,00;Campo Novo do Parecis;5102637
2020;0,00;Novo Jardim;1715259
2020;0,00;Novo Alegre;1715150
2020;0,00;Tufilândia;2112274
2020;0,00;Figueirópolis;1707652
2020;0,00;São Felipe D'Oeste;1101484
2020;0,00;Miracema do Tocantins;1713205
2020;0,00;Cachoeira do Arari;1502004
2020;0,00;Tasso Fragoso;2112001
2020;0,00;Várzea Grande;5108402
2020;0,00;Salinópolis;1506203
2020;0,00;Monte do Carmo;1713601
2020;0,00;Santa Inês;2109908
2020;0,00;Tesouro;5108105
2020;0,00;Marituba;1504422
2020;0,00;Bom Jesus do Tocantins;1703305
2020;0,00;Ananindeua;1500800
2020;0,00;Sítio Novo;2111805
2020;0,00;Planalto da Serra;5106455
2020;0,00;Conceição do Tocantins;1705607
2020;0,00;Carmolândia;1703883
2020;0,00;Alto Parnaíba;2100501
2020;0,00;Poção de Pedras;2108900
2020;0,00;Nobres;5105903
2020;0,00;São João Batista;2111003
2020;0,00;São José do Povo;5107297
2020;0,00;Nova Iorque;2107308
2020;0,00;Peixe;1716604
2020;0,00;Jangada;5104906
2020;0,00;Presidente Kennedy;1718402
2020;0,00;São Raimundo das Mangabeiras;2111607
2020;0,00;Pedreiras;2108207
2020;0,00;Bandeirantes do Tocantins;1703057
2020;0,00;Mirador;2106706
2020;0,00;Porto Estrela;5106851
2020;0,00;Mateiros;1712702
2020;0,00;Nova Olinda;1714880
2020;0,00;Nova Colinas;2107258
2020;0,00;Satubinha;2111722
2020;0,00;Oliveira de Fátima;1715507
2020;0,00;Pindaré-Mirim;2108504
2020;0,00;Cururupu;2103703
2020;0,00;Itapiratins;1710904
2020;0,00;Novo São Joaquim;5106281
2020;0,00;Nova Xavantina;5106257
2020;0,00;Itacajá;1710508
2020;0,00;Almas;1700400
2020;0,00;Loreto;2106102
2020;0,00;Palmeirópolis;1715754
2020;0,00;São João do Soter;2111078
2020;0,00;Juscimeira;5105200
2020;0,00;Bernardo do Mearim;2101939
2020;0,00;Sambaíba;2109700
2020;0,00;Governador Newton Bello;2104651
2020;0,00;Lizarda;1712405
2020;0,00;Taguatinga;1720903
2020;0,00;Bacurituba;2101350
2020;0,00;Centenário;1704105
2020;0,00;Imperatriz;2105302
2020;0,00;Bequimão;2101905
2020;0,00;Feira Nova do Maranhão;2104073
2020;0,00;Lago do Junco;2105807
2020;0,00;Combinado;1705557
2020;0,00;São Valério;1720499
2020;0,00;Maurilândia do Tocantins;1712801
2020;5,36;Alvarães;1300029
2020;1,33;Coroatá;2103604
2020;4,71;Theobroma;1101609
2020;14,98;Amajari;1400027
2020;0,40;Lagoa Grande do Maranhão;2105963
2020;8,28;Plácido de Castro;1200385
2020;0,07;Santarém Novo;1506906
2020;27,86;Cachoeira do Piriá;1501956
2020;0,53;Capanema;1502202
2020;0,35;Santa Izabel do Pará;1506500
2020;5,63;São Domingos do Maranhão;2110708
2020;0,10;Augustinópolis;1702554
2020;0,27;Araguacema;1701903
2020;0,09;Buriti Bravo;2102309
2020;142,88;Aripuanã;5101407
2020;0,86;Boa Vista;1400100
2020;111,95;Anapu;1500859
2020;1,21;Abel Figueiredo;1500131
2020;8,83;Pimenteiras do Oeste;1101468
2020;0,80;Santa Luzia D'Oeste;1100296
2020;21,64;São Francisco do Guaporé;1101492
2020;1,09;Nortelândia;5106000
2020;0,45;Cametá;1502103
2020;4,21;Itapecuru Mirim;2105401
2020;0,08;Arenápolis;5101308
2020;0,30;Araguaína;1702109
2020;32,47;Comodoro;5103304
2020;0,77;Esperantina;1707405
2020;0,19;Salto do Céu;5107750
2020;35,98;Caracaraí;1400209
2020;15,67;Acará;1500206
2020;1,68;Godofredo Viana;2104305
2020;0,85;Wanderlândia;1722081
2020;79,52;Rorainópolis;1400472
2020;2,11;Arari;2101004
2020;5,95;Araputanga;5101258
2020;6,71;Amarante do Maranhão;2100600
2020;1,51;Terra Nova do Norte;5108055
2020;0,97;Darcinópolis;1706506
2020;32,86;Alenquer;1500404
2020;147,61;Senador José Porfírio;1507805
2020;22,77;Iracema;1400282
2020;1,68;Presidente Dutra;2109106
2020;73,00;Sena Madureira;1200500
2020;1,57;São Domingos do Araguaia;1507151
2020;33,22;Itupiranga;1503705
2020;17,98;Santa Terezinha;5107776
2020;63,45;Feliz Natal;5103700
2020;32,71;Santa Maria das Barreiras;1506583
2020;1,86;Formoso do Araguaia;1708205
2020;54,88;Prainha;1506005
2020;4,42;Monção;2106904
2020;0,90;Anajás;1500701
2020;1,17;Capitão Poço;1502301
2020;7,22;Mirante da Serra;1101302
2020;1,27;Itamarati;1301951
2020;12,94;Acrelândia;1200013
2020;49,78;Cotriguaçu;5103379
2020;2,89;Eirunepé;1301407
2020;2,37;Senador Alexandre Costa;2111748
2020;19,13;Bom Jesus do Tocantins;1501576
2020;23,58;Porto Walter;1200393
2020;5,09;Barão de Melgaço;5101605
2020;0,89;São João do Carú;2111029
2020;1,61;Piçarra;1505635
2020;0,37;Luís Domingues;2106201
2020;0,59;Dom Pedro;2103802
2020;12,18;Bom Jesus das Selvas;2102036
2020;0,24;Ribamar Fiquene;2109551
2020;0,21;Terra Alta;1507961
2020;12,27;Borba;1300805
2020;0,12;Poxoréu;5107008
2020;1,66;Amapá do Maranhão;2100550
2020;2,04;Nova Mutum;5106224
2020;0,39;Nossa Senhora do Livramento;5106109
2020;3,55;São Paulo de Olivença;1303908
2020;0,55;Vale de São Domingos;5108352
2020;1,82;Alvorada D'Oeste;1100346
2020;1,62;Silves;1304005
2020;99,88;Feijó;1200302
2020;142,06;Boca do Acre;1300706
2020;0,25;Sítio Novo do Tocantins;1720804
2020;1,73;João Lisboa;2105500
2020;32,83;Monte Alegre;1504802
2020;0,33;Sorriso;5107925
2020;18,89;Nova Monte Verde;5108956
2020;9,54;Centro Novo do Maranhão;2103174
2020;0,06;Chaves;1502509
2020;23,22;Ipixuna do Pará;1503457
2020;4,08;Corumbiara;1100072
2020;35,93;Alto Alegre;1400050
2020;0,89;Maracanã;1504307
2020;0,91;Riachinho;1718550
2020;6,19;Rio Crespo;1100262
2020;0,08;Presidente Vargas;2109304
2020;17,65;Bujari;1200138
2020;0,13;Buriti do Tocantins;1703800
2020;0,32;Santa Bárbara do Pará;1506351
2020;0,70;Cocalinho;5103106
2020;9,77;Envira;1301506
2020;1,26;São Geraldo do Araguaia;1507458
2020;0,77;Graça Aranha;2104701
2020;32,10;Porto de Moz;1505908
2020;0,41;Alto Alegre do Pindaré;2100477
2020;2,82;Governador Eugênio Barros;2104602
2020;0,45;Ferreira Gomes;1600238
2020;2,67;Santo Antônio do Leverger;5107800
2020;2,23;Miranda do Norte;2106755
2020;1,05;Palestina do Pará;1505494
2020;24,50;Oriximiná;1505304
2020;22,38;Arame;2100956
2020;9,47;Nova Olinda do Maranhão;2107357
2020;51,81;Apiacás;5100805
2020;4,16;Espigão D'Oeste;1100098
2020;18,49;Alta Floresta;5100250
2020;18,17;Nova Maringá;5108907
2020;0,37;Laranjal do Jari;1600279
2020;64,63;Medicilândia;1504455
2020;0,07;Estreito;2104057
2020;0,14;Santo Antônio dos Lopes;2110302
2020;0,25;Peixe-Boi;1505601
2020;239,45;Colniza;5103254
2020;1,90;Santo Afonso;5107263
2020;2,95;Santo Antônio do Içá;1303700
2020;2,24;Cidelândia;2103257
2020;1,40;Brejo Grande do Araguaia;1501758
2020;189,99;Portel;1505809
2020;0,08;Salvaterra;1506302
2020;0,45;Primavera;1506104
2020;20,87;Santa Carmem;5107248
2020;0,09;Muaná;1504901
2020;3,22;São José do Rio Claro;5107305
2020;55,74;Rio Branco;1200401
2020;18,80;Capixaba;1200179
2020;0,64;Tabatinga;1304062
2020;0,39;Dueré;1707306
2020;0,32;Figueirópolis D'Oeste;5103809
2020;42,42;Óbidos;1505106
2020;0,67;Marapanim;1504406
2020;1,65;Boa Vista do Gurupi;2101970
2020;1,44;Carauari;1301001
2020;0,16;Itapiranga;1302009
2020;0,50;Guaraí;1709302
2020;3,43;Reserva do Cabaçal;5107156
2020;0,93;Garrafão do Norte;1503077
2020;0,78;Fernando Falcão;2104081
2020;0,52;Davinópolis;2103752
2020;79,68;Manicoré;1302702
2020;11,18;Vila Bela da Santíssima Trindade;5105507
2020;0,67;Cândido Mendes;2102606
2020;2,21;Japurá;1302108
2020;23,08;Paranaíta;5106299
2020;1,60;Nova Olímpia;5106232
2020;0,51;São Miguel do Tocantins;1720200
2020;7,09;Tabaporã;5107941
2020;2,01;Manaquiri;1302553
2020;0,96;Rolim de Moura;1100288
2020;0,41;Tocantinópolis;1721208
2020;0,64;Pracuúba;1600550
2020;0,04;Raposa;2109452
2020;6,15;Santa Luzia;2110005
2020;8,65;Viseu;1508308
2020;11,44;Turilândia;2112456
2020;51,71;Porto dos Gaúchos;5106802
2020;0,10;Benjamin Constant;1300607
2020;0,10;Santa Maria do Pará;1506609
2020;0,30;Curvelândia;5103437
2020;11,42;Grajaú;2104800
2020;20,37;Juína;5105150
2020;0,02;Monte Santo do Tocantins;1713700
2020;0,24;Araguanã;1702158
2020;0,10;São Bento;2110500
2020;113,86;Candeias do Jamari;1100809
2020;0,60;São João do Paraíso;2111052
2020;5,66;Governador Jorge Teixeira;1101005
2020;3,76;Jacundá;1503804
2020;44,38;Machadinho D'Oeste;1100130
2020;6,92;Cacaulândia;1100601
2020;0,30;São José dos Quatro Marcos;5107107
2020;0,07;Alto Alegre do Maranhão;2100436
2020;0,10;Dom Aquino;5103601
2020;5,16;Santa Rosa do Purus;1200435
2020;12,15;Santa Helena;2109809
2020;0,90;São Caetano de Odivelas;1507102
2020;1,60;Carlinda;5102793
2020;0,00;Pau D'Arco;1716307
2020;28,65;Marechal Thaumaturgo;1200351
2020;0,47;Urucará;1304302
2020;2,19;Melgaço;1504505
2020;6,44;Pontes e Lacerda;5106752
2020;22,38;Querência;5107065
2020;4,95;Presidente Sarney;2109270
2020;0,07;São Luís Gonzaga do Maranhão;2111409
2020;17,32;Pimenta Bueno;1100189
2020;4,77;São João do Araguaia;1507508
2020;1,12;Paço do Lumiar;2107506
2020;1,30;Nova Guarita;5108808
2020;0,12;Santa Fé do Araguaia;1718865
2020;19,08;Vilhena;1100304
2020;0,14;Palmeiras do Tocantins;1713809
2020;259,63;Apuí;1300144
2020;10,25;Itacoatiara;1301902
2020;9,33;Juruti;1503903
2020;7,18;Vale do Anari;1101757
2020;8,12;Ipixuna;1301803
2020;2,14;Ribeirão Cascalheira;5107180
2020;0,07;Apicum-Açu;2100832
2020;9,64;Nova União;1101435
2020;0,67;Santa Filomena do Maranhão;2109759
2020;9,34;Presidente Figueiredo;1303536
2020;4,31;Jaru;1100114
2020;0,30;Cachoeirinha;1703826
2020;0,19;Chapada de Areia;1704600
2020;0,46;Pacaraima;1400456
2020;43,16;Mucajaí;1400308
2020;154,82;Novo Repartimento;1505064
2020;0,52;Senador La Rocque;2111763
2020;0,63;Vargem Grande;2112704
2020;2,38;Floresta do Araguaia;1503044
2020;0,57;São José de Ribamar;2111201
2020;0,99;Uiramutã;1400704
2020;2,15;Conceição do Araguaia;1502707
2020;0,16;Formosa da Serra Negra;2104099
2020;0,90;Governador Archer;2104503
2020;3,07;Cantanhede;2102705
2020;1,11;Calçoene;1600204
2020;1,05;São Pedro da Água Branca;2111532
2020;31,98;Nova Ubiratã;5106240
2020;382,87;Lábrea;1302405
2020;1,26;Barcelos;1300409
2020;7,27;Jutaí;1302306
2020;0,29;Denise;5103452
2020;1,80;Matões do Norte;2106631
2020;0,24;Bonito;1501600
2020;4,47;Porto Esperidião;5106828
2020;0,32;Campo Verde;5102678
2020;0,41;Lambari D'Oeste;5105234
2020;247,25;Pacajá;1505486
2020;88,93;Jacareacanga;1503754
2020;1,26;Codajás;1301308
2020;0,38;Marianópolis do Tocantins;1712504
2020;20,65;Bom Jardim;2102002
2020;0,17;Itaporã do Tocantins;1711100
2020;100,97;Cujubim;1100940
2020;8,49;Marajá do Sena;2106359
2020;6,44;Baião;1501204
2020;39,47;Xapuri;1200708
2020;112,10;Marcelândia;5105580
2020;0,43;Colméia;1716703
2020;5,31;Tapurah;5108006
2020;0,08;Nova Nazaré;5106174
2020;2,00;Sapezal;5107875
2020;3,29;Beruri;1300631
2020;2,73;Colinas;2103505
2020;0,07;Urucurituba;1304401
2020;1,08;Curralinho;1502806
2020;364,10;Novo Progresso;1505031
2020;0,54;Vigia;1508209
2020;20,00;Açailândia;2100055
2020;13,11;Breu Branco;1501782
2020;65,86;Paranatinga;5106307
2020;19,56;Paragominas;1505502
2020;3,78;Sapucaia;1507755
2020;112,70;Nova Mamoré;1100338
2020;2,71;Pedro do Rosário;2108256
2020;0,16;Amaturá;1300060
2020;82,33;Trairão;1508050
2020;6,55;Nova Ipixuna;1504976
2020;21,14;Pauini;1303502
2020;2,06;Penalva;2108306
2020;25,42;Alta Floresta D'Oeste;1100015
2020;3,83;Gurupá;1503101
2020;2,54;Bom Jesus do Araguaia;5101852
2020;0,09;Governador Nunes Freire;2104677
2020;36,28;Rondon do Pará;1506187
2020;2,44;Tucumã;1508084
2020;8,30;São João da Baliza;1400506
2020;10,46;Nova Santa Helena;5106190
2020;0,14;São Mateus do Maranhão;2111508
2020;0,77;Concórdia do Pará;1502756
2020;0,47;Paulo Ramos;2108108
2020;0,13;Rondonópolis;5107602
2020;1,02;Jenipapo dos Vieiras;2105476
2020;0,32;Lajeado Novo;2105989
2020;0,60;Boa Vista do Ramos;1300680
2020;1,08;Igarapé-Miri;1503309
2020;0,68;Santa Terezinha do Tocantins;1720002
2020;20,47;São Miguel do Guaporé;1100320
2020;7,07;Careiro da Várzea;1301159
2020;0,58;Xambioá;1722107
2020;0,09;Campestre do Maranhão;2102556
2020;4,56;Vila Rica;5108600
2020;272,61;Itaituba;1503606
2020;2,85;Eldorado do Carajás;1502954
2020;0,01;Sampaio;1718808
2020;0,09;Mocajuba;1504604
2020;7,71;Nova Esperança do Piriá;1504950
2020;6,71;Manaus;1302603
2020;6,33;São Gabriel da Cachoeira;1303809
2020;52,57;Juara;5105101
2020;0,40;Bragança;1501709
2020;0,21;São Francisco do Pará;1507409
2020;1,91;Rosário;2109601
2020;0,28;Porto Franco;2109007
2020;15,56;Santarém;1506807
2020;0,44;Novo Santo Antônio;5106315
2020;0,21;Mãe do Rio;1504059
2020;3,46;Canarana;5102702
2020;0,72;São Francisco do Brejão;2110856
2020;1,44;Castanheiras;1100908
2020;449,64;Porto Velho;1100205
2020;1,17;Faro;1503002
2020;1,04;Urupá;1101708
2020;0,07;Axixá do Tocantins;1702901
2020;0,87;Curuçá;1502905
2020;0,25;Inhangapi;1503408
2020;12,36;Porto Alegre do Norte;5106778
2020;51,62;Santana do Araguaia;1506708
2020;5,44;Juruena;5105176
2020;2,60;Barcarena;1501303
2020;0,48;Novo Horizonte do Norte;5106273
2020;1,46;Xinguara;1508407
2020;38,99;Goianésia do Pará;1503093
2020;2,08;Carutapera;2102903
2020;797,69;Altamira;1500602
2020;15,95;Tomé-Açu;1508001
2020;0,62;Montes Altos;2107001
2020;2,79;Cajari;2102507
2020;108,57;Humaitá;1301704
2020;2,79;Terra Santa;1507979
2020;3,11;Aurora do Pará;1500958
2020;0,79;Recursolândia;1718501
2020;0,88;Ministro Andreazza;1101203
2020;0,41;São Sebastião da Boa Vista;1507706
2020;98,57;Rurópolis;1506195
2020;0,00;Carrasco Bonito;1703891
2020;0,41;Anajatuba;2100709
2020;7,37;Gonçalves Dias;2104404
2020;1,00;Atalaia do Norte;1300201
2020;57,95;Marabá;1504208
2020;0,07;Icatu;2105104
2020;3,92;Coari;1301209
2020;0,21;Água Boa;5100201
2020;0,75;Centro do Guilherme;2103158
2020;10,47;Tefé;1304203
2020;0,35;Santana;1600600
2020;36,29;Moju;1504703
2020;8,44;Vitória do Xingu;1508357
2020;33,73;Brasnorte;5101902
2020;133,37;Uruará;1508159
2020;6,22;Mâncio Lima;1200336
2020;20,64;Guajará;1301654
2020;1,88;Breves;1501808
2020;0,39;Praia Norte;1718303
2020;24,70;Almeirim;1500503
2020;4,39;Barra do Bugres;5101704
2020;23,00;Itinga do Maranhão;2105427
2020;0,18;Poconé;5106505
2020;33,84;Seringueiras;1101500
2020;0,35;Ipiranga do Norte;5104526
2020;12,61;Chupinguaia;1100924
2020;1,25;Bujaru;1501907
2020;0,49;Vila Nova dos Martírios;2112852
2020;0,96;Cabixi;1100031
2020;1,09;Santa Isabel do Rio Negro;1303601
2020;11,72;Rio Maria;1506161
2020;4,39;Careiro;1301100
2020;0,70;Colorado do Oeste;1100064
2020;6,53;São Luiz;1400605
2020;0,62;Tangará da Serra;5107958
2020;0,00;Cachoeira Grande;2102374
2020;19,56;Novo Mundo;5106265
2020;8,13;Água Azul do Norte;1500347
2020;0,31;Igarapé do Meio;2105153
2020;1,32;São Sebastião do Uatumã;1303957
2020;31,96;Itanhangá;5104542
2020;133,77;União do Sul;5108303
2020;51,57;Tarauacá;1200609
2020;0,81;Itaipava do Grajaú;2105351
2020;18,17;Assis Brasil;1200054
2020;4,47;Belterra;1501451
2020;0,39;Santo Antônio do Tauá;1507003
2020;0,28;Presidente Juscelino;2109205
2020;2,99;Rio Preto da Eva;1303569
2020;0,24;Limoeiro do Ajuru;1504000
2020;0,56;Novo Horizonte do Oeste;1100502
2020;0,14;Lagoa da Confusão;1711902
2020;51,29;Rondolândia;5107578
2020;64,77;Peixoto de Azevedo;5106422
2020;0,07;Arapoema;1702307
2020;41,07;Alto Paraíso;1100403
2020;0,53;Bacabeira;2101251
2020;4,96;Cacoal;1100049
2020;0,18;Conquista D'Oeste;5103361
2020;0,08;Serra do Navio;1600055
2020;21,40;Maués;1302900
2020;0,08;Capinzal do Norte;2102754
2020;11,89;Santa Cruz do Xingu;5107743
2020;0,08;Nova Brasilândia;5106208
2020;9,20;Nova Canaã do Norte;5106216
2020;0,08;Matinha;2106508
2020;0,75;Castanhal;1502400
2020;2,20;Serra Nova Dourada;5107883
2020;1,20;São José do Xingu;5107354
2020;1,13;Tonantins;1304237
2020;5,22;Governador Luiz Rocha;2104628
2020;2,52;Caapiranga;1300839
2020;0,56;Nova Marilândia;5108857
2020;0,31;Benevides;1501501
2020;2,51;Ji-Paraná;1100122
2020;0,20;Itaguatins;1710706
2020;8,01;Guarantã do Norte;5104104
2020;9,85;Senador Guiomard;1200450
2020;8,18;Buriticupu;2102325
2020;69,81;Cumaru do Norte;1502764
2020;9,55;Curuá;1502855
2020;0,06;Colares;1502608
2020;3,26;Bagre;1501105
2020;0,08;Morros;2107100
2020;10,88;Manacapuru;1302504
2020;1,45;Barreirinha;1300508
2020;0,71;Peri Mirim;2108405
2020;26,71;Brasil Novo;1501725
2020;0,59;Porto Grande;1600535
2020;18,43;Matupá;5105606
2020;0,68;Oiapoque;1600501
2020;0,23;Angico;1701051
2020;16,90;Tapauá;1304104
2020;1,45;Alto Boa Vista;5100359
2020;0,66;São Miguel do Guamá;1507607
2020;6,21;Lucas do Rio Verde;5105259
2020;1,60;Aragominas;1701309
2020;0,17;Abreulândia;1700251
2020;1,10;Turiaçu;2112407
2020;0,62;Joselândia;2105609
2020;4,09;Pinheiro;2108603
2020;2,12;Canabrava do Norte;5102694
2020;13,36;Itapuã do Oeste;1101104
2020;4,08;Parauapebas;1505536
2020;85,87;Placas;1505650
2020;3,76;Curionópolis;1502772
2020;0,36;Teixeirópolis;1101559
2020;1,54;Codó;2103307
2020;3,81;Tuntum;2112308
2020;1,40;Vitória do Mearim;2112902
2020;2,11;Nova Lacerda;5106182
2020;19,51;Porto Acre;1200807
2020;13,46;Itaúba;5104559
2020;38,40;Buritis;1100452
2020;0,40;Cutias;1600212
2020;36,54;Costa Marques;1100080
2020;1,36;Brejo de Areia;2102150
2020;5,91;Cáceres;5102504
2020;3,03;Parintins;1303403
2020;8,64;Tucuruí;1508100
2020;12,53;Alto Alegre dos Parecis;1100379
2020;37,48;Tailândia;1507953
2020;8,45;Epitaciolândia;1200252
2020;2,95;Pau D'Arco;1505551
2020;0,32;Anori;1300102
2020;1,02;Pedra Branca do Amapari;1600154
2020;608,84;São Félix do Xingu;1507300
2020;17,69;Ourilândia do Norte;1505437
2020;4,18;Santa Rita;2110203
2020;0,23;Belém;1501402
2020;52,58;Gaúcha do Norte;5103858
2020;40,12;Brasiléia;1200104
2020;0,71;Mazagão;1600402
2020;0,74;Presidente Médici;1100254
2020;0,30;Primavera de Rondônia;1101476
2020;3,47;Uarini;1304260
2020;0,17;Araguanã;2100873
2020;2,19;Mirassol d'Oeste;5105622
2020;1,44;Macapá;1600303
2020;0,55;Santa Luzia do Pará;1506559
2020;0,52;Irituia;1503507
2020;1,13;Vitória do Jari;1600808
2020;15,54;Rodrigues Alves;1200427
2020;22,82;Autazes;1300300
2020;2,21;Bannach;1501253
2020;5,63;Colíder;5103205
2020;0,65;São João da Ponta;1507466
2020;22,39;Ariquemes;1100023
2020;10,01;Sinop;5107909
2020;1,95;Vera;5108501
2020;3,75;Nhamundá;1303007
2020;110,33;Novo Aripuanã;1303304
2020;50,79;Nova Bandeirantes;5106158
2020;0,99;Jatobá;2105450
2020;0,08;Quatipuru;1506112
2020;0,08;Tracuateua;1508035
2020;0,06;Timbiras;2112100
2020;0,15;Viana;2112803
2020;57,04;Ulianópolis;1508126
2020;0,93;Jauru;5105002
2020;0,07;Nova Timboteua;1505007
2020;0,18;Bernardo Sayão;1703206
2020;31,41;Mojuí dos Campos;1504752
2020;29,37;Confresa;5103353
2020;8,96;Bonfim;1400159
2020;0,66;Anamã;1300086
2020;2,22;Iranduba;1301852
2020;3,93;Nova Brasilândia D'Oeste;1100148
2020;0,07;Chapada dos Guimarães;5103007
2020;5,20;Ananás;1701002
2020;8,57;Ouro Preto do Oeste;1100155
2020;42,47;Cruzeiro do Sul;1200203
2020;26,70;Dom Eliseu;1502939
2020;1,22;Abaetetuba;1500107
2020;0,22;Redenção;1506138
2020;1,25;São Luís;2111300
2020;6,01;Diamantino;5103502
2020;0,09;Campos de Júlio;5102686
2020;1,48;Santa Luzia do Paruá;2110039
2020;0,33;Ourém;1505403
2020;1,23;Peritoró;2108454
2020;0,73;Novo Airão;1303205
2020;44,07;Cláudia;5103056
2020;6,07;Nova Olinda do Norte;1303106
2020;1,66;Buritirana;2102358
2020;21,01;Cantá;1400175
2020;0,30;Muricilândia;1713957
2020;0,98;Pirapemas;2108801
2020;0,43;Lima Campos;2106003
2020;17,28;São Félix do Araguaia;5107859
2020;1,72;Magalhães Barata;1504109
2020;0,86;Maraã;1302801
2020;1,93;Canaã dos Carajás;1502152
2020;0,27;Maracaçumé;2106326
2020;4,91;Fortuna;2104206
2020;0,22;Igarapé-Açu;1503200
2020;1,53;Pedro Afonso;1716505
2020;0,92;Cerejeiras;1100056
2020;62,42;Canutama;1300904
2020;2,42;Oeiras do Pará;1505205
2020;1,54;Araguatins;1702208
2020;0,21;Luciara;5105309
2020;0,77;Juruá;1302207
2020;2,14;São Domingos do Capim;1507201
2020;54,00;Manoel Urbano;1200344
2020;0,37;Caseara;1703909
2020;35,01;Aveiro;1501006
2020;11,65;Jordão;1200328
2020;0,07;São José dos Basílios;2111250
2020;0,57;São João de Pirabas;1507474
2020;0,10;Glória D'Oeste;5103957
2020;6,02;Parecis;1101450
2020;1,03;Zé Doca;2114007
2020;1,38;Tartarugalzinho;1600709
2020;14,04;Campo Novo de Rondônia;1100700
2020;34,55;Guajará-Mirim;1100106
2020;2,04;Vale do Paraíso;1101807
2020;41,88;Caroebe;1400233
2020;14,34;Monte Negro;1101401
2020;7,20;Castanheira;5102850
2020;7,27;Barra do Corda;2101608
2020;0,87;Piraquê;1717206
2019;13,66;Amarante do Maranhão;2100600
2019;0,00;Lagoa do Tocantins;1711951
2019;0,00;Central do Maranhão;2103125
2019;0,00;Santo Antônio do Tauá;1507003
2019;0,00;Filadélfia;1707702
2019;0,00;Bonito;1501600
2019;0,00;Carolina;2102804
2019;0,00;Olho d'Água das Cunhãs;2107407
2019;0,00;Benedito Leite;2101806
2019;0,00;Cristalândia;1706100
2019;0,00;Araguainha;5101209
2019;0,00;Abreulândia;1700251
2019;0,00;Fátima;1707553
2019;0,00;Miranorte;1713304
2019;0,00;Riachão;2109502
2019;0,00;São Roberto;2111672
2019;0,00;Dois Irmãos do Tocantins;1707207
2019;0,00;Palmeiras do Tocantins;1713809
2019;0,00;Ponte Alta do Tocantins;1717909
2019;0,00;Muaná;1504901
2019;0,00;Sucupira do Norte;2111904
2019;0,00;São Pedro da Cipa;5107404
2019;0,00;Santa Izabel do Pará;1506500
2019;0,00;Nova Timboteua;1505007
2019;0,00;Taipas do Tocantins;1720937
2019;0,00;Nova Nazaré;5106174
2019;0,00;Esperantinópolis;2104008
2019;0,00;Nossa Senhora do Livramento;5106109
2019;0,00;Pontal do Araguaia;5106653
2019;0,00;Buriti do Tocantins;1703800
2019;0,00;Bacuri;2101301
2019;0,00;Alto Taquari;5100607
2019;0,00;Anori;1300102
2019;0,00;Santo Antônio do Leste;5107792
2019;0,00;Santa Rita do Tocantins;1718899
2019;0,00;São Salvador do Tocantins;1720259
2019;0,00;Palmeirante;1715705
2019;0,00;Vitorino Freire;2113009
2019;0,00;São Francisco do Pará;1507409
2019;0,00;São Sebastião do Tocantins;1720309
2019;0,00;Porto Alegre do Tocantins;1718006
2019;0,00;Itiquira;5104609
2019;0,00;Pugmil;1718451
2019;0,00;Governador Nunes Freire;2104677
2019;0,00;Lago dos Rodrigues;2105948
2019;0,00;Carrasco Bonito;1703891
2019;0,00;Palmas;1721000
2019;0,00;Paranã;1716208
2019;0,00;Tupirama;1721257
2019;0,00;Porto Rico do Maranhão;2109056
2019;0,00;Passagem Franca;2107902
2019;0,00;Barra do Ouro;1703073
2019;0,00;Cajapió;2102408
2019;0,00;São Domingos do Azeitão;2110658
2019;0,00;Bela Vista do Maranhão;2101772
2019;0,00;Tocantínia;1721109
2019;0,00;Alvorada;1700707
2019;0,00;Talismã;1720978
2019;0,00;Gurupi;1709500
2019;0,00;Raposa;2109452
2019;0,00;Sucupira;1720853
2019;0,00;São Luís Gonzaga do Maranhão;2111409
2019;0,00;Torixoréu;5108204
2019;0,00;Natividade;1714203
2019;0,00;Conceição do Lago-Açu;2103554
2019;0,00;Guiratinga;5104203
2019;0,00;Goiatins;1709005
2019;0,00;Alto Garças;5100409
2019;0,00;Santa Rosa do Tocantins;1718907
2019;0,00;Lago da Pedra;2105708
2019;0,00;Santa Luzia do Paruá;2110039
2019;0,00;Pedra Preta;5106372
2019;0,00;Rio Branco;5107206
2019;0,00;Igarapé Grande;2105203
2019;0,00;Guimarães;2104909
2019;0,00;Primavera do Leste;5107040
2019;0,00;Jaú do Tocantins;1711506
2019;0,00;Alto Paraguai;5100508
2019;0,00;Ponte Alta do Bom Jesus;1717800
2019;0,00;Axixá do Tocantins;1702901
2019;0,00;Santa Cruz do Arari;1506401
2019;0,00;Divinópolis do Tocantins;1707108
2019;0,00;Cuiabá;5103403
2019;0,00;Augusto Corrêa;1500909
2019;0,00;Nova Rosalândia;1715002
2019;0,00;Trizidela do Vale;2112233
2019;0,00;São Vicente Ferrer;2111706
2019;0,00;Mãe do Rio;1504059
2019;0,00;Pium;1717503
2019;0,00;Axixá;2101103
2019;0,00;Arraias;1702406
2019;0,00;Marapanim;1504406
2019;0,00;Juarina;1711803
2019;0,00;Olinda Nova do Maranhão;2107456
2019;0,00;Acorizal;5100102
2019;0,00;Peixe-Boi;1505601
2019;0,00;Bom Lugar;2102077
2019;0,00;São Mateus do Maranhão;2111508
2019;0,00;Serrano do Maranhão;2111789
2019;0,00;Barrolândia;1703107
2019;0,00;Icatu;2105104
2019;0,00;Campos Lindos;1703842
2019;0,00;Chapada de Areia;1704600
2019;0,00;Bernardo Sayão;1703206
2019;0,00;Dianópolis;1707009
2019;0,00;General Carneiro;5103908
2019;0,00;Rio Sono;1718758
2019;0,00;São Félix de Balsas;2110807
2019;0,00;Cariri do Tocantins;1703867
2019;0,00;Campinápolis;5102603
2019;0,00;Novo Acordo;1715101
2019;0,00;Soure;1507904
2019;0,00;Tabocão;1708254
2019;0,00;Bacabal;2101202
2019;0,00;Colares;1502608
2019;0,00;Brasilândia do Tocantins;1703602
2019;0,00;São Bento;2110500
2019;0,00;Paraíso do Tocantins;1716109
2019;0,00;Santa Maria do Tocantins;1718881
2019;0,00;Lajeado;1712009
2019;0,00;Jaciara;5104807
2019;0,00;Goianorte;1708304
2019;0,00;Aurora do Tocantins;1702703
2019;0,00;Brejinho de Nazaré;1703701
2019;0,00;Silvanópolis;1720655
2019;0,00;Poxoréu;5107008
2019;0,00;Guaraí;1709302
2019;0,00;Chapada da Natividade;1705102
2019;0,00;Porto Nacional;1718204
2019;0,00;Igarapé-Açu;1503200
2019;0,00;Lavandeira;1712157
2019;0,00;Rio dos Bois;1718709
2019;0,00;Água Boa;5100201
2019;0,00;Altamira do Maranhão;2100402
2019;0,00;Poconé;5106505
2019;0,00;Monte Santo do Tocantins;1713700
2019;0,00;Ipueiras;1709807
2019;0,00;Crixás do Tocantins;1706258
2019;0,00;Apicum-Açu;2100832
2019;0,00;Presidente Médici;2109239
2019;0,00;Ponte Branca;5106703
2019;0,00;Santa Tereza do Tocantins;1719004
2019;0,00;Paraibano;2107704
2019;0,00;Lago Verde;2105906
2019;0,00;Cedral;2103109
2019;0,00;Indiavaí;5104500
2019;0,00;Babaçulândia;1703008
2019;0,00;Pindorama do Tocantins;1717008
2019;0,00;Palmeirândia;2107605
2019;0,00;Alto Araguaia;5100300
2019;0,00;Pio XII;2108702
2019;0,00;Rio da Conceição;1718659
2019;0,00;Ponta de Pedras;1505700
2019;0,00;Araguaiana;5101001
2019;0,00;Pastos Bons;2108009
2019;0,00;São Pedro dos Crentes;2111573
2019;0,00;Araguanã;2100873
2019;0,00;Governador Edison Lobão;2104552
2019;0,00;Colinas do Tocantins;1705508
2019;0,00;Fortaleza dos Nogueiras;2104107
2019;0,00;Alcântara;2100204
2019;0,00;Araguaçu;1702000
2019;0,00;Santa Maria do Pará;1506609
2019;0,00;Sandolândia;1718840
2019;0,00;Aparecida do Rio Negro;1701101
2019;0,00;Tupiratins;1721307
2019;0,00;Aliança do Tocantins;1700350
2019;0,00;Estreito;2104057
2019;0,00;São Félix do Tocantins;1720150
2019;0,00;Normandia;1400407
2019;0,00;Ribeirãozinho;5107198
2019;0,00;Balsas;2101400
2019;0,00;Novo Jardim;1715259
2019;0,00;Amaturá;1300060
2019;0,00;Novo Alegre;1715150
2019;0,00;Figueirópolis D'Oeste;5103809
2019;0,00;Tufilândia;2112274
2019;0,00;Figueirópolis;1707652
2019;0,00;Dueré;1707306
2019;0,00;Miracema do Tocantins;1713205
2019;0,00;Cachoeira do Arari;1502004
2019;0,00;Tasso Fragoso;2112001
2019;0,00;Várzea Grande;5108402
2019;0,00;Monte do Carmo;1713601
2019;0,00;Santa Inês;2109908
2019;0,00;Tesouro;5108105
2019;0,00;Bom Jesus do Tocantins;1703305
2019;0,00;Ananindeua;1500800
2019;0,00;Planalto da Serra;5106455
2019;0,00;Conceição do Tocantins;1705607
2019;0,00;Alto Parnaíba;2100501
2019;0,00;Poção de Pedras;2108900
2019;0,00;São João Batista;2111003
2019;0,00;São José do Povo;5107297
2019;0,00;Quatipuru;1506112
2019;0,00;Nova Iorque;2107308
2019;0,00;Peixe;1716604
2019;0,00;Jangada;5104906
2019;0,00;Presidente Kennedy;1718402
2019;0,00;São Raimundo das Mangabeiras;2111607
2019;0,00;Pedreiras;2108207
2019;0,00;Mirador;2106706
2019;0,00;Mateiros;1712702
2019;0,00;Nova Olinda;1714880
2019;0,00;Nova Colinas;2107258
2019;0,00;Glória D'Oeste;5103957
2019;0,00;Satubinha;2111722
2019;0,00;Primavera;1506104
2019;0,00;Oliveira de Fátima;1715507
2019;0,00;Pindaré-Mirim;2108504
2019;0,00;Cururupu;2103703
2019;0,00;Itapiratins;1710904
2019;0,00;Novo São Joaquim;5106281
2019;0,00;Itacajá;1710508
2019;0,00;Peri Mirim;2108405
2019;0,00;Almas;1700400
2019;0,00;Loreto;2106102
2019;0,00;Palmeirópolis;1715754
2019;0,00;São João do Soter;2111078
2019;0,00;Juscimeira;5105200
2019;0,00;Bernardo do Mearim;2101939
2019;0,00;Sambaíba;2109700
2019;0,00;Governador Newton Bello;2104651
2019;0,00;Lizarda;1712405
2019;0,00;Taguatinga;1720903
2019;0,00;Bacurituba;2101350
2019;0,00;Centenário;1704105
2019;0,00;Morros;2107100
2019;0,00;Bequimão;2101905
2019;0,00;Feira Nova do Maranhão;2104073
2019;0,00;Lago do Junco;2105807
2019;0,00;Combinado;1705557
2019;0,00;São Valério;1720499
2019;0,00;Itaporã do Tocantins;1711100
2019;0,00;Maurilândia do Tocantins;1712801
2019;2,80;Alvarães;1300029
2019;5,50;Theobroma;1101609
2019;0,23;Santarém Novo;1506906
2019;22,79;Cachoeira do Piriá;1501956
2019;0,09;Capanema;1502202
2019;0,49;Buriti Bravo;2102309
2019;0,07;Boa Vista;1400100
2019;217,31;Anapu;1500859
2019;3,70;Pimenteiras do Oeste;1101468
2019;1,54;Santa Luzia D'Oeste;1100296
2019;0,14;Cametá;1502103
2019;3,51;Itapecuru Mirim;2105401
2019;0,66;Arenápolis;5101308
2019;1,41;Araguaína;1702109
2019;30,49;Comodoro;5103304
2019;2,17;Salto do Céu;5107750
2019;99,49;Caracaraí;1400209
2019;18,17;Acará;1500206
2019;1,22;Godofredo Viana;2104305
2019;0,28;Wanderlândia;1722081
2019;97,18;Rorainópolis;1400472
2019;0,87;Arari;2101004
2019;2,52;Piraquê;1717206
2019;0,00;Matinha;2106508
2019;6,95;Terra Nova do Norte;5108055
2019;328,16;Senador José Porfírio;1507805
2019;61,05;Iracema;1400282
2019;1,35;Presidente Dutra;2109106
2019;0,65;Fonte Boa;1301605
2019;1,48;São Domingos do Araguaia;1507151
2019;11,04;Santa Terezinha;5107776
2019;28,60;Santa Maria das Barreiras;1506583
2019;0,76;Monção;2106904
2019;3,39;Eirunepé;1301407
2019;1,30;Senador Alexandre Costa;2111748
2019;7,34;Bom Jesus do Tocantins;1501576
2019;8,72;Porto Walter;1200393
2019;0,30;Barão de Melgaço;5101605
2019;2,28;Luís Domingues;2106201
2019;19,82;Bom Jesus das Selvas;2102036
2019;0,39;Ribamar Fiquene;2109551
2019;0,17;Terra Alta;1507961
2019;1,93;Amapá do Maranhão;2100550
2019;0,22;Vale de São Domingos;5108352
2019;2,53;Alvorada D'Oeste;1100346
2019;1,63;Silves;1304005
2019;0,14;João Lisboa;2105500
2019;25,77;Monte Alegre;1504802
2019;0,16;Sorriso;5107925
2019;0,36;Nazaré;1714302
2019;7,31;Ipixuna do Pará;1503457
2019;3,79;Corumbiara;1100072
2019;21,89;Alto Alegre;1400050
2019;0,60;Riachinho;1718550
2019;26,05;Bujari;1200138
2019;1,48;São Geraldo do Araguaia;1507458
2019;0,41;Alto Alegre do Pindaré;2100477
2019;8,38;Governador Eugênio Barros;2104602
2019;20,61;Oriximiná;1505304
2019;28,57;Arame;2100956
2019;0,08;Nova Olinda do Maranhão;2107357
2019;85,59;Apiacás;5100805
2019;15,15;Alta Floresta;5100250
2019;35,46;Nova Maringá;5108907
2019;1,49;Laranjal do Jari;1600279
2019;197,65;Colniza;5103254
2019;16,42;Santa Carmem;5107248
2019;6,81;São José do Rio Claro;5107305
2019;0,22;Bandeirantes do Tocantins;1703057
2019;0,76;Fernando Falcão;2104081
2019;81,65;Manicoré;1302702
2019;1,50;Cândido Mendes;2102606
2019;0,80;Nova Olímpia;5106232
2019;1,49;Manaquiri;1302553
2019;0,07;Tocantinópolis;1721208
2019;1,28;Pracuúba;1600550
2019;4,05;Santa Luzia;2110005
2019;8,46;Viseu;1508308
2019;25,16;Porto dos Gaúchos;5106802
2019;0,42;Benjamin Constant;1300607
2019;0,13;Curvelândia;5103437
2019;10,12;Grajaú;2104800
2019;43,58;Juína;5105150
2019;104,90;Candeias do Jamari;1100809
2019;5,58;Governador Jorge Teixeira;1101005
2019;3,83;Jacundá;1503804
2019;79,19;Machadinho D'Oeste;1100130
2019;7,00;Santa Rosa do Purus;1200435
2019;0,64;Santa Helena;2109809
2019;13,62;Marechal Thaumaturgo;1200351
2019;0,85;Urucará;1304302
2019;2,55;Melgaço;1504505
2019;20,43;Pimenta Bueno;1100189
2019;5,27;São João do Araguaia;1507508
2019;0,07;São Raimundo do Doca Bezerra;2111631
2019;4,24;Nova Guarita;5108808
2019;15,78;Juruti;1503903
2019;7,74;Ipixuna;1301803
2019;21,49;Nova União;1101435
2019;2,28;Jaru;1100114
2019;2,21;Pacaraima;1400456
2019;0,23;Vargem Grande;2112704
2019;3,15;Floresta do Araguaia;1503044
2019;0,07;São José de Ribamar;2111201
2019;8,92;Conceição do Araguaia;1502707
2019;0,25;Formosa da Serra Negra;2104099
2019;19,10;Nova Ubiratã;5106240
2019;10,84;Jutaí;1302306
2019;0,09;Denise;5103452
2019;0,35;Campo Verde;5102678
2019;1,36;Marianópolis do Tocantins;1712504
2019;0,94;Colméia;1716703
2019;2,21;Tapurah;5108006
2019;0,10;Marituba;1504422
2019;3,39;Sapezal;5107875
2019;1,91;Colinas;2103505
2019;1,71;Curralinho;1502806
2019;10,23;Açailândia;2100055
2019;0,49;São Bento do Tocantins;1720101
2019;6,41;Nova Ipixuna;1504976
2019;10,30;Pauini;1303502
2019;30,01;Alta Floresta D'Oeste;1100015
2019;34,09;Rondon do Pará;1506187
2019;5,35;Tucumã;1508084
2019;10,61;São João da Baliza;1400506
2019;0,18;Paulo Ramos;2108108
2019;1,13;Boa Vista do Ramos;1300680
2019;16,91;São Miguel do Guaporé;1100320
2019;11,78;Careiro da Várzea;1301159
2019;168,90;Itaituba;1503606
2019;0,04;Itaubal;1600253
2019;6,32;São Gabriel da Cachoeira;1303809
2019;85,45;Juara;5105101
2019;0,22;Bragança;1501709
2019;0,09;Rosário;2109601
2019;1,13;Porto Franco;2109007
2019;19,43;Santarém;1506807
2019;2,34;Novo Santo Antônio;5106315
2019;1,15;Salinópolis;1506203
2019;0,30;São Francisco do Brejão;2110856
2019;1,75;Castanheiras;1100908
2019;1,18;Faro;1503002
2019;0,56;Curuçá;1502905
2019;0,18;Inhangapi;1503408
2019;23,17;Santana do Araguaia;1506708
2019;3,95;Juruena;5105176
2019;0,07;Barcarena;1501303
2019;0,52;Novo Horizonte do Norte;5106273
2019;1,33;Xinguara;1508407
2019;0,19;Sítio Novo;2111805
2019;2,18;Carutapera;2102903
2019;13,52;Tomé-Açu;1508001
2019;2,20;Montes Altos;2107001
2019;89,22;Humaitá;1301704
2019;4,56;Terra Santa;1507979
2019;1,29;Aurora do Pará;1500958
2019;0,17;Recursolândia;1718501
2019;108,72;Rurópolis;1506195
2019;2,47;Atalaia do Norte;1300201
2019;3,46;Coari;1301209
2019;7,54;Tefé;1304203
2019;0,08;Santana;1600600
2019;27,91;Moju;1504703
2019;7,25;Vitória do Xingu;1508357
2019;154,05;Uruará;1508159
2019;0,06;Maranhãozinho;2106375
2019;0,11;Afuá;1500305
2019;18,93;Guajará;1301654
2019;1,26;Praia Norte;1718303
2019;29,67;Almeirim;1500503
2019;0,34;Pequizeiro;1716653
2019;16,52;Itinga do Maranhão;2105427
2019;53,12;Seringueiras;1101500
2019;0,16;Bujaru;1501907
2019;0,62;Vila Nova dos Martírios;2112852
2019;4,71;Cabixi;1100031
2019;6,09;Rio Maria;1506161
2019;2,47;Careiro;1301100
2019;1,84;Colorado do Oeste;1100064
2019;10,87;São Luiz;1400605
2019;3,37;Tangará da Serra;5107958
2019;9,68;Água Azul do Norte;1500347
2019;0,18;Igarapé do Meio;2105153
2019;2,30;São Sebastião do Uatumã;1303957
2019;1,93;Itanhangá;5104542
2019;67,42;Tarauacá;1200609
2019;21,14;Assis Brasil;1200054
2019;5,12;Belterra;1501451
2019;3,60;Rio Preto da Eva;1303569
2019;1,41;Novo Horizonte do Oeste;1100502
2019;55,34;Peixoto de Azevedo;5106422
2019;46,64;Alto Paraíso;1100403
2019;0,07;Bacabeira;2101251
2019;0,77;Conquista D'Oeste;5103361
2019;0,37;Capinzal do Norte;2102754
2019;10,23;Santa Cruz do Xingu;5107743
2019;0,18;Nova Brasilândia;5106208
2019;16,01;Nova Canaã do Norte;5106216
2019;3,88;São José do Xingu;5107354
2019;5,11;Governador Luiz Rocha;2104628
2019;0,96;Caapiranga;1300839
2019;1,03;Nova Marilândia;5108857
2019;0,06;Benevides;1501501
2019;0,58;Itaguatins;1710706
2019;13,04;Guarantã do Norte;5104104
2019;6,64;Senador Guiomard;1200450
2019;43,88;Cumaru do Norte;1502764
2019;11,21;Curuá;1502855
2019;2,31;Bagre;1501105
2019;3,77;Barreirinha;1300508
2019;2,74;Porto Grande;1600535
2019;21,08;Matupá;5105606
2019;2,01;Angico;1701051
2019;0,71;Alto Boa Vista;5100359
2019;0,21;São Miguel do Guamá;1507607
2019;6,10;Turiaçu;2112407
2019;4,42;Canabrava do Norte;5102694
2019;14,89;Itapuã do Oeste;1101104
2019;4,53;Parauapebas;1505536
2019;104,81;Placas;1505650
2019;2,77;Curionópolis;1502772
2019;8,07;Tuntum;2112308
2019;0,09;Vitória do Mearim;2112902
2019;0,72;Brejo de Areia;2102150
2019;3,35;Parintins;1303403
2019;1,42;Pau D'Arco;1505551
2019;4,91;Pedra Branca do Amapari;1600154
2019;544,94;São Félix do Xingu;1507300
2019;0,95;Santa Rita;2110203
2019;1,26;Belém;1501402
2019;15,62;Gaúcha do Norte;5103858
2019;2,34;Mazagão;1600402
2019;0,98;Presidente Médici;1100254
2019;1,59;Mirassol d'Oeste;5105622
2019;0,20;Santa Luzia do Pará;1506559
2019;12,62;Rodrigues Alves;1200427
2019;34,78;Autazes;1300300
2019;2,34;Bannach;1501253
2019;0,45;São João da Ponta;1507466
2019;123,98;Nova Bandeirantes;5106158
2019;1,38;Jatobá;2105450
2019;0,36;Tracuateua;1508035
2019;0,40;Viana;2112803
2019;45,27;Mojuí dos Campos;1504752
2019;9,53;Confresa;5103353
2019;0,79;Iranduba;1301852
2019;5,56;Nova Brasilândia D'Oeste;1100148
2019;0,06;Chapada dos Guimarães;5103007
2019;0,28;Ananás;1701002
2019;22,59;Ouro Preto do Oeste;1100155
2019;0,34;Abaetetuba;1500107
2019;1,26;Redenção;1506138
2019;0,63;São Luís;2111300
2019;0,58;Diamantino;5103502
2019;4,33;Campos de Júlio;5102686
2019;0,24;Peritoró;2108454
2019;3,14;Novo Airão;1303205
2019;5,94;Nova Olinda do Norte;1303106
2019;3,39;Buritirana;2102358
2019;85,04;Cantá;1400175
2019;1,36;Pirapemas;2108801
2019;13,44;São Félix do Araguaia;5107859
2019;0,17;Magalhães Barata;1504109
2019;1,05;Maraã;1302801
2019;0,73;Maracaçumé;2106326
2019;1,12;Canaã dos Carajás;1502152
2019;7,52;Fortuna;2104206
2019;1,03;Cerejeiras;1100056
2019;0,46;Luciara;5105309
2019;31,62;Manoel Urbano;1200344
2019;1,94;São João de Pirabas;1507474
2019;7,37;Parecis;1101450
2019;5,89;Tartarugalzinho;1600709
2019;14,62;Campo Novo de Rondônia;1100700
2019;18,42;Guajará-Mirim;1100106
2019;10,81;Monte Negro;1101401
2019;0,56;Coroatá;2103604
2019;21,29;Amajari;1400027
2019;0,09;Lagoa Grande do Maranhão;2105963
2019;9,12;Barra do Corda;2101608
2019;6,17;São Domingos do Maranhão;2110708
2019;0,35;Augustinópolis;1702554
2019;0,07;Araguacema;1701903
2019;153,86;Aripuanã;5101407
2019;4,15;Abel Figueiredo;1500131
2019;23,10;São Francisco do Guaporé;1101492
2019;0,72;Nortelândia;5106000
2019;0,59;Esperantina;1707405
2019;0,59;São Felipe D'Oeste;1101484
2019;0,07;Darcinópolis;1706506
2019;19,84;Alenquer;1500404
2019;80,16;Sena Madureira;1200500
2019;34,84;Itupiranga;1503705
2019;47,42;Feliz Natal;5103700
2019;1,93;Formoso do Araguaia;1708205
2019;74,94;Prainha;1506005
2019;0,39;Anajás;1500701
2019;1,63;Capitão Poço;1502301
2019;7,89;Mirante da Serra;1101302
2019;0,99;Itamarati;1301951
2019;19,89;Acrelândia;1200013
2019;32,89;Cotriguaçu;5103379
2019;0,13;São João do Carú;2111029
2019;1,99;Piçarra;1505635
2019;1,02;Dom Pedro;2103802
2019;10,69;Borba;1300805
2019;30,41;Nova Mutum;5106224
2019;2,87;São Paulo de Olivença;1303908
2019;94,02;Feijó;1200302
2019;144,08;Boca do Acre;1300706
2019;0,33;Sítio Novo do Tocantins;1720804
2019;40,03;Nova Monte Verde;5108956
2019;4,88;Centro Novo do Maranhão;2103174
2019;0,30;Chaves;1502509
2019;1,64;Maracanã;1504307
2019;10,69;Rio Crespo;1100262
2019;0,16;Presidente Vargas;2109304
2019;0,44;Santa Bárbara do Pará;1506351
2019;2,28;Cocalinho;5103106
2019;13,06;Envira;1301506
2019;1,70;Graça Aranha;2104701
2019;41,58;Porto de Moz;1505908
2019;1,30;Ferreira Gomes;1600238
2019;0,79;Santo Antônio do Leverger;5107800
2019;1,80;Miranda do Norte;2106755
2019;1,16;Palestina do Pará;1505494
2019;6,89;Espigão D'Oeste;1100098
2019;112,90;Medicilândia;1504455
2019;1,10;Santo Antônio dos Lopes;2110302
2019;2,64;Santo Afonso;5107263
2019;0,55;Santo Antônio do Içá;1303700
2019;2,08;Cidelândia;2103257
2019;1,20;Brejo Grande do Araguaia;1501758
2019;254,24;Portel;1505809
2019;0,26;Salvaterra;1506302
2019;80,00;Rio Branco;1200401
2019;27,77;Capixaba;1200179
2019;1,67;Tabatinga;1304062
2019;34,81;Óbidos;1505106
2019;0,83;Junco do Maranhão;2105658
2019;2,71;Boa Vista do Gurupi;2101970
2019;0,57;Carauari;1301001
2019;1,12;Luzinópolis;1712454
2019;0,87;Itapiranga;1302009
2019;1,10;Reserva do Cabaçal;5107156
2019;0,25;Nova Xavantina;5106257
2019;0,62;Garrafão do Norte;1503077
2019;0,09;Davinópolis;2103752
2019;8,71;Vila Bela da Santíssima Trindade;5105507
2019;0,49;Japurá;1302108
2019;54,96;Paranaíta;5106299
2019;1,01;São Miguel do Tocantins;1720200
2019;18,06;Tabaporã;5107941
2019;2,58;Rolim de Moura;1100288
2019;0,12;Turilândia;2112456
2019;0,13;Araguanã;1702158
2019;0,69;Amapá;1600105
2019;0,16;São João do Paraíso;2111052
2019;6,11;Cacaulândia;1100601
2019;0,86;São José dos Quatro Marcos;5107107
2019;0,47;Alto Alegre do Maranhão;2100436
2019;0,19;Dom Aquino;5103601
2019;0,18;São Caetano de Odivelas;1507102
2019;2,10;Carlinda;5102793
2019;0,07;Pau D'Arco;1716307
2019;7,66;Pontes e Lacerda;5106752
2019;17,25;Querência;5107065
2019;0,21;Presidente Sarney;2109270
2019;0,22;Paço do Lumiar;2107506
2019;0,37;Santa Fé do Araguaia;1718865
2019;25,00;Vilhena;1100304
2019;287,69;Apuí;1300144
2019;14,08;Itacoatiara;1301902
2019;9,40;Vale do Anari;1101757
2019;12,71;Ribeirão Cascalheira;5107180
2019;0,33;Santa Filomena do Maranhão;2109759
2019;9,71;Presidente Figueiredo;1303536
2019;0,13;Cachoeirinha;1703826
2019;81,61;Mucajaí;1400308
2019;141,16;Novo Repartimento;1505064
2019;0,40;Senador La Rocque;2111763
2019;1,93;Uiramutã;1400704
2019;1,02;Governador Archer;2104503
2019;1,44;Cantanhede;2102705
2019;2,06;Calçoene;1600204
2019;0,71;São Pedro da Água Branca;2111532
2019;381,76;Lábrea;1302405
2019;11,05;Barcelos;1300409
2019;1,25;Matões do Norte;2106631
2019;4,75;Porto Esperidião;5106828
2019;0,49;Lambari D'Oeste;5105234
2019;311,95;Pacajá;1505486
2019;93,98;Jacareacanga;1503754
2019;2,46;Codajás;1301308
2019;19,20;Bom Jardim;2102002
2019;114,05;Cujubim;1100940
2019;5,87;Marajá do Sena;2106359
2019;7,21;Baião;1501204
2019;59,90;Xapuri;1200708
2019;95,99;Marcelândia;5105580
2019;2,36;Beruri;1300631
2019;0,39;Urucurituba;1304401
2019;201,12;Novo Progresso;1505031
2019;0,19;Vigia;1508209
2019;9,28;Breu Branco;1501782
2019;16,67;Paranatinga;5106307
2019;25,79;Paragominas;1505502
2019;4,41;Sapucaia;1507755
2019;148,04;Nova Mamoré;1100338
2019;0,07;Pedro do Rosário;2108256
2019;111,92;Trairão;1508050
2019;0,80;Penalva;2108306
2019;4,63;Gurupá;1503101
2019;1,76;Bom Jesus do Araguaia;5101852
2019;5,51;Nova Santa Helena;5106190
2019;0,31;Concórdia do Pará;1502756
2019;0,09;Rondonópolis;5107602
2019;1,15;Jenipapo dos Vieiras;2105476
2019;0,94;Lajeado Novo;2105989
2019;0,82;Igarapé-Miri;1503309
2019;0,10;Santa Terezinha do Tocantins;1720002
2019;0,49;Xambioá;1722107
2019;0,26;Campestre do Maranhão;2102556
2019;5,72;Vila Rica;5108600
2019;3,50;Eldorado do Carajás;1502954
2019;0,08;Sampaio;1718808
2019;0,10;Mocajuba;1504604
2019;4,36;Nova Esperança do Piriá;1504950
2019;4,63;Manaus;1302603
2019;19,75;Canarana;5102702
2019;412,70;Porto Velho;1100205
2019;0,47;Urupá;1101708
2019;5,20;Porto Alegre do Norte;5106778
2019;0,16;Mirinzal;2106805
2019;0,07;Nobres;5105903
2019;29,97;Goianésia do Pará;1503093
2019;575,08;Altamira;1500602
2019;0,28;Cajari;2102507
2019;1,19;Ministro Andreazza;1101203
2019;0,09;São Sebastião da Boa Vista;1507706
2019;0,51;Anajatuba;2100709
2019;6,29;Gonçalves Dias;2104404
2019;67,26;Marabá;1504208
2019;0,55;Centro do Guilherme;2103158
2019;0,09;Porto Estrela;5106851
2019;47,39;Brasnorte;5101902
2019;12,04;Mâncio Lima;1200336
2019;1,81;Breves;1501808
2019;2,74;Barra do Bugres;5101704
2019;1,90;Barra do Garças;5101803
2019;4,41;Ipiranga do Norte;5104526
2019;15,14;Chupinguaia;1100924
2019;3,11;Santa Isabel do Rio Negro;1303601
2019;0,07;Cachoeira Grande;2102374
2019;21,84;Novo Mundo;5106265
2019;62,47;União do Sul;5108303
2019;0,90;Itaipava do Grajaú;2105351
2019;0,14;Presidente Juscelino;2109205
2019;0,05;Limoeiro do Ajuru;1504000
2019;0,48;Lagoa da Confusão;1711902
2019;28,28;Rondolândia;5107578
2019;0,29;Arapoema;1702307
2019;5,92;Cacoal;1100049
2019;0,50;Serra do Navio;1600055
2019;16,04;Maués;1302900
2019;0,25;Castanhal;1502400
2019;0,55;Serra Nova Dourada;5107883
2019;0,24;Tonantins;1304237
2019;3,39;Ji-Paraná;1100122
2019;13,31;Buriticupu;2102325
2019;1,93;Aguiarnópolis;1700301
2019;4,14;Manacapuru;1302504
2019;25,99;Brasil Novo;1501725
2019;7,24;Oiapoque;1600501
2019;21,21;Tapauá;1304104
2019;0,63;Lucas do Rio Verde;5105259
2019;0,29;Aragominas;1701309
2019;0,62;Joselândia;2105609
2019;0,99;Pinheiro;2108603
2019;0,28;Teixeirópolis;1101559
2019;3,81;Codó;2103307
2019;4,89;Nova Lacerda;5106182
2019;22,97;Porto Acre;1200807
2019;27,11;Itaúba;5104559
2019;31,00;Buritis;1100452
2019;0,78;Cutias;1600212
2019;42,36;Costa Marques;1100080
2019;2,06;Cáceres;5102504
2019;8,21;Tucuruí;1508100
2019;9,93;Alto Alegre dos Parecis;1100379
2019;0,28;Imperatriz;2105302
2019;19,97;Tailândia;1507953
2019;11,37;Epitaciolândia;1200252
2019;16,41;Ourilândia do Norte;1505437
2019;58,61;Brasiléia;1200104
2019;3,04;Campo Novo do Parecis;5102637
2019;0,26;Primavera de Rondônia;1101476
2019;0,14;Couto Magalhães;1706001
2019;2,45;Uarini;1304260
2019;7,21;Macapá;1600303
2019;0,09;Irituia;1503507
2019;0,50;Vitória do Jari;1600808
2019;8,37;Colíder;5103205
2019;18,51;Ariquemes;1100023
2019;72,48;Sinop;5107909
2019;2,20;Vera;5108501
2019;2,95;Nhamundá;1303007
2019;230,93;Novo Aripuanã;1303304
2019;0,16;Timbiras;2112100
2019;18,28;Ulianópolis;1508126
2019;0,22;Jauru;5105002
2019;12,48;Bonfim;1400159
2019;0,32;Anamã;1300086
2019;25,21;Cruzeiro do Sul;1200203
2019;13,14;Dom Eliseu;1502939
2019;0,30;Ourém;1505403
2019;91,92;Cláudia;5103056
2019;0,08;Muricilândia;1713957
2019;0,43;Lima Campos;2106003
2019;2,49;Pedro Afonso;1716505
2019;59,87;Canutama;1300904
2019;2,70;Oeiras do Pará;1505205
2019;2,23;Araguatins;1702208
2019;0,35;Juruá;1302207
2019;0,47;São Domingos do Capim;1507201
2019;0,32;Caseara;1703909
2019;44,98;Aveiro;1501006
2019;11,05;Jordão;1200328
2019;0,13;Carmolândia;1703883
2019;1,05;Santa Rita do Trivelato;5107768
2019;0,40;São José dos Basílios;2111250
2019;0,95;Zé Doca;2114007
2019;1,80;Vale do Paraíso;1101807
2019;0,15;Rosário Oeste;5107701
2019;36,96;Caroebe;1400233
2019;8,75;Castanheira;5102850
2019;8,99;Plácido de Castro;1200385
2019;0,07;Araputanga;5101258
2018;0,04;Augustinópolis;1702554
2018;0,00;Lagoa do Tocantins;1711951
2018;0,00;Central do Maranhão;2103125
2018;0,00;Santo Antônio do Tauá;1507003
2018;0,00;Filadélfia;1707702
2018;0,00;Bonito;1501600
2018;0,00;Carolina;2102804
2018;0,00;Olho d'Água das Cunhãs;2107407
2018;0,00;Benedito Leite;2101806
2018;0,00;Cristalândia;1706100
2018;0,00;Araguainha;5101209
2018;0,00;Abreulândia;1700251
2018;0,00;Fátima;1707553
2018;0,00;Cachoeirinha;1703826
2018;0,00;Santa Rita do Trivelato;5107768
2018;0,00;Riachão;2109502
2018;0,00;São Roberto;2111672
2018;0,00;Alto Alegre do Maranhão;2100436
2018;0,00;Ponte Alta do Tocantins;1717909
2018;0,00;Sucupira do Norte;2111904
2018;0,00;São Pedro da Cipa;5107404
2018;0,00;Taipas do Tocantins;1720937
2018;0,00;Nova Nazaré;5106174
2018;0,00;Novo Horizonte do Norte;5106273
2018;0,00;Esperantinópolis;2104008
2018;0,00;Nossa Senhora do Livramento;5106109
2018;0,00;Pontal do Araguaia;5106653
2018;0,00;Pedro do Rosário;2108256
2018;0,00;Buriti do Tocantins;1703800
2018;0,00;Bacuri;2101301
2018;0,00;Alto Taquari;5100607
2018;0,00;Santo Antônio do Leste;5107792
2018;0,00;Santa Rita do Tocantins;1718899
2018;0,00;São Salvador do Tocantins;1720259
2018;0,00;Palmeirante;1715705
2018;0,00;Vitorino Freire;2113009
2018;0,00;Denise;5103452
2018;0,00;Curralinho;1502806
2018;0,00;São Sebastião do Tocantins;1720309
2018;0,00;Porto Alegre do Tocantins;1718006
2018;0,00;Itiquira;5104609
2018;0,00;Pugmil;1718451
2018;0,00;Governador Nunes Freire;2104677
2018;0,00;Lago dos Rodrigues;2105948
2018;0,00;Carrasco Bonito;1703891
2018;0,00;Rosário Oeste;5107701
2018;0,00;Palmas;1721000
2018;0,00;Paranã;1716208
2018;0,00;Tupirama;1721257
2018;0,00;Porto Rico do Maranhão;2109056
2018;0,00;Passagem Franca;2107902
2018;0,00;Barra do Ouro;1703073
2018;0,00;Cajapió;2102408
2018;0,00;São Domingos do Azeitão;2110658
2018;0,00;Pequizeiro;1716653
2018;0,00;Uiramutã;1400704
2018;0,00;Bela Vista do Maranhão;2101772
2018;0,00;Maranhãozinho;2106375
2018;0,00;Tocantínia;1721109
2018;0,00;Chaves;1502509
2018;0,00;Alvorada;1700707
2018;0,00;Marianópolis do Tocantins;1712504
2018;0,00;Talismã;1720978
2018;0,00;Gurupi;1709500
2018;0,00;Raposa;2109452
2018;0,00;Sucupira;1720853
2018;0,00;São Luís Gonzaga do Maranhão;2111409
2018;0,00;Torixoréu;5108204
2018;0,00;Mirinzal;2106805
2018;0,00;Natividade;1714203
2018;0,00;Conceição do Lago-Açu;2103554
2018;0,00;Guiratinga;5104203
2018;0,00;Darcinópolis;1706506
2018;0,00;Goiatins;1709005
2018;0,00;Alto Garças;5100409
2018;0,00;Santa Rosa do Tocantins;1718907
2018;0,00;Lago da Pedra;2105708
2018;0,00;Boa Vista;1400100
2018;0,00;Santa Luzia do Paruá;2110039
2018;0,00;Pedra Preta;5106372
2018;0,00;Igarapé Grande;2105203
2018;0,00;Guimarães;2104909
2018;0,00;Primavera do Leste;5107040
2018;0,00;Jaú do Tocantins;1711506
2018;0,00;Ponte Alta do Bom Jesus;1717800
2018;0,00;Barra do Garças;5101803
2018;0,00;Recursolândia;1718501
2018;0,00;Cachoeira Grande;2102374
2018;0,00;Santa Cruz do Arari;1506401
2018;0,00;Divinópolis do Tocantins;1707108
2018;0,00;Cuiabá;5103403
2018;0,00;Augusto Corrêa;1500909
2018;0,00;Nova Rosalândia;1715002
2018;0,00;Trizidela do Vale;2112233
2018;0,00;São Vicente Ferrer;2111706
2018;0,00;Mãe do Rio;1504059
2018;0,00;Pium;1717503
2018;0,00;Pacaraima;1400456
2018;0,00;Arraias;1702406
2018;0,00;Juarina;1711803
2018;0,00;Olinda Nova do Maranhão;2107456
2018;0,00;Acorizal;5100102
2018;0,00;Afuá;1500305
2018;0,00;Bom Lugar;2102077
2018;0,00;Barrolândia;1703107
2018;0,00;Campos Lindos;1703842
2018;0,00;Urucurituba;1304401
2018;0,00;Lima Campos;2106003
2018;0,00;Bernardo Sayão;1703206
2018;0,00;Dianópolis;1707009
2018;0,00;Junco do Maranhão;2105658
2018;0,00;General Carneiro;5103908
2018;0,00;Rio Sono;1718758
2018;0,00;Timbiras;2112100
2018;0,00;São Félix de Balsas;2110807
2018;0,00;Cariri do Tocantins;1703867
2018;0,00;Campinápolis;5102603
2018;0,00;Novo Acordo;1715101
2018;0,00;Tabocão;1708254
2018;0,00;Bacabal;2101202
2018;0,00;Colares;1502608
2018;0,00;São Bento;2110500
2018;0,00;Paraíso do Tocantins;1716109
2018;0,00;Santa Maria do Tocantins;1718881
2018;0,00;Lajeado;1712009
2018;0,00;Jaciara;5104807
2018;0,00;Aurora do Tocantins;1702703
2018;0,00;Brejinho de Nazaré;1703701
2018;0,00;Silvanópolis;1720655
2018;0,00;Poxoréu;5107008
2018;0,00;Chapada da Natividade;1705102
2018;0,00;Porto Nacional;1718204
2018;0,00;Igarapé-Açu;1503200
2018;0,00;Lavandeira;1712157
2018;0,00;Rio dos Bois;1718709
2018;0,00;Água Boa;5100201
2018;0,00;São João do Carú;2111029
2018;0,00;Altamira do Maranhão;2100402
2018;0,00;Limoeiro do Ajuru;1504000
2018;0,00;Amapá;1600105
2018;0,00;Ipueiras;1709807
2018;0,00;Crixás do Tocantins;1706258
2018;0,00;Apicum-Açu;2100832
2018;0,00;Presidente Médici;2109239
2018;0,00;Ponte Branca;5106703
2018;0,00;Santa Tereza do Tocantins;1719004
2018;0,00;Viana;2112803
2018;0,00;Lagoa Grande do Maranhão;2105963
2018;0,00;Paraibano;2107704
2018;0,00;Curvelândia;5103437
2018;0,00;Lago Verde;2105906
2018;0,00;Cedral;2103109
2018;0,00;Indiavaí;5104500
2018;0,00;Babaçulândia;1703008
2018;0,00;Pindorama do Tocantins;1717008
2018;0,00;Palmeirândia;2107605
2018;0,00;Alto Araguaia;5100300
2018;0,00;Pio XII;2108702
2018;0,00;Rio da Conceição;1718659
2018;0,00;Ponta de Pedras;1505700
2018;0,00;Campo Verde;5102678
2018;0,00;Araguaiana;5101001
2018;0,00;Pastos Bons;2108009
2018;0,00;São Pedro dos Crentes;2111573
2018;0,00;Araguanã;2100873
2018;0,00;Colinas do Tocantins;1705508
2018;0,00;Fortaleza dos Nogueiras;2104107
2018;0,00;Alcântara;2100204
2018;0,00;Vitória do Mearim;2112902
2018;0,00;Araguaçu;1702000
2018;0,00;Sandolândia;1718840
2018;0,00;Aparecida do Rio Negro;1701101
2018;0,00;Tupiratins;1721307
2018;0,00;Aliança do Tocantins;1700350
2018;0,00;Estreito;2104057
2018;0,00;São Félix do Tocantins;1720150
2018;0,00;Normandia;1400407
2018;0,00;Ribeirãozinho;5107198
2018;0,00;Balsas;2101400
2018;0,00;Campo Novo do Parecis;5102637
2018;0,00;Novo Jardim;1715259
2018;0,00;Colméia;1716703
2018;0,00;Novo Alegre;1715150
2018;0,00;Tufilândia;2112274
2018;0,00;Figueirópolis;1707652
2018;0,00;São Sebastião da Boa Vista;1507706
2018;0,00;Nova Brasilândia;5106208
2018;0,00;São Felipe D'Oeste;1101484
2018;0,00;Miracema do Tocantins;1713205
2018;0,00;Tasso Fragoso;2112001
2018;0,00;Várzea Grande;5108402
2018;0,00;Monte do Carmo;1713601
2018;0,00;Santa Inês;2109908
2018;0,00;Tesouro;5108105
2018;0,00;Marituba;1504422
2018;0,00;Chapada dos Guimarães;5103007
2018;0,00;Bom Jesus do Tocantins;1703305
2018;0,00;Ananindeua;1500800
2018;0,00;Anajás;1500701
2018;0,00;Sítio Novo;2111805
2018;0,00;Brejo de Areia;2102150
2018;0,00;Planalto da Serra;5106455
2018;0,00;Conceição do Tocantins;1705607
2018;0,00;Carmolândia;1703883
2018;0,00;Alto Parnaíba;2100501
2018;0,00;Poção de Pedras;2108900
2018;0,00;São João Batista;2111003
2018;0,00;São José do Povo;5107297
2018;0,00;Anajatuba;2100709
2018;0,00;Nova Iorque;2107308
2018;0,00;Peixe;1716604
2018;0,00;Jangada;5104906
2018;0,00;Presidente Kennedy;1718402
2018;0,00;São Raimundo das Mangabeiras;2111607
2018;0,00;Pedreiras;2108207
2018;0,00;Bandeirantes do Tocantins;1703057
2018;0,00;Mirador;2106706
2018;0,00;Mateiros;1712702
2018;0,00;Sampaio;1718808
2018;0,00;Nova Olinda;1714880
2018;0,00;Nova Colinas;2107258
2018;0,00;Glória D'Oeste;5103957
2018;0,00;Satubinha;2111722
2018;0,00;Oliveira de Fátima;1715507
2018;0,00;Pindaré-Mirim;2108504
2018;0,00;Cururupu;2103703
2018;0,00;Itapiratins;1710904
2018;0,00;Novo São Joaquim;5106281
2018;0,00;Nova Xavantina;5106257
2018;0,00;Itacajá;1710508
2018;0,00;Peri Mirim;2108405
2018;0,00;Almas;1700400
2018;0,00;Loreto;2106102
2018;0,00;Dom Aquino;5103601
2018;0,00;Palmeirópolis;1715754
2018;0,00;Bernardo do Mearim;2101939
2018;0,00;Sambaíba;2109700
2018;0,00;Governador Newton Bello;2104651
2018;0,00;Lizarda;1712405
2018;0,00;Taguatinga;1720903
2018;0,00;Bacurituba;2101350
2018;0,00;Centenário;1704105
2018;0,00;Morros;2107100
2018;0,00;Bequimão;2101905
2018;0,00;Feira Nova do Maranhão;2104073
2018;0,00;Lago do Junco;2105807
2018;0,00;Combinado;1705557
2018;0,00;São Valério;1720499
2018;5,41;Alvarães;1300029
2018;0,59;Coroatá;2103604
2018;2,65;Theobroma;1101609
2018;11,70;Amajari;1400027
2018;11,86;Plácido de Castro;1200385
2018;0,21;Santarém Novo;1506906
2018;19,08;Cachoeira do Piriá;1501956
2018;0,07;Capanema;1502202
2018;0,46;Santa Izabel do Pará;1506500
2018;9,09;São Domingos do Maranhão;2110708
2018;0,00;Matinha;2106508
2018;0,39;Araguacema;1701903
2018;0,39;Buriti Bravo;2102309
2018;110,75;Aripuanã;5101407
2018;56,35;Anapu;1500859
2018;0,95;Abel Figueiredo;1500131
2018;3,30;Pimenteiras do Oeste;1101468
2018;0,84;Santa Luzia D'Oeste;1100296
2018;26,12;São Francisco do Guaporé;1101492
2018;0,55;Nortelândia;5106000
2018;1,05;Cametá;1502103
2018;1,67;Itapecuru Mirim;2105401
2018;0,69;Arenápolis;5101308
2018;0,16;Araguaína;1702109
2018;31,77;Comodoro;5103304
2018;0,18;Esperantina;1707405
2018;0,72;Salto do Céu;5107750
2018;18,16;Caracaraí;1400209
2018;16,74;Acará;1500206
2018;0,20;Godofredo Viana;2104305
2018;0,18;Wanderlândia;1722081
2018;37,72;Rorainópolis;1400472
2018;1,33;Arari;2101004
2018;0,10;Araputanga;5101258
2018;6,54;Amarante do Maranhão;2100600
2018;4,88;Terra Nova do Norte;5108055
2018;22,03;Alenquer;1500404
2018;49,46;Senador José Porfírio;1507805
2018;2,79;Iracema;1400282
2018;0,64;Presidente Dutra;2109106
2018;48,28;Sena Madureira;1200500
2018;0,15;Fonte Boa;1301605
2018;1,02;São Domingos do Araguaia;1507151
2018;30,50;Itupiranga;1503705
2018;10,81;Santa Terezinha;5107776
2018;63,09;Feliz Natal;5103700
2018;16,95;Santa Maria das Barreiras;1506583
2018;2,31;Formoso do Araguaia;1708205
2018;26,80;Prainha;1506005
2018;0,15;Monção;2106904
2018;1,49;Capitão Poço;1502301
2018;4,45;Mirante da Serra;1101302
2018;0,23;Cachoeira do Arari;1502004
2018;0,78;Itamarati;1301951
2018;21,78;Acrelândia;1200013
2018;22,14;Cotriguaçu;5103379
2018;3,91;Eirunepé;1301407
2018;5,34;Senador Alexandre Costa;2111748
2018;6,84;Bom Jesus do Tocantins;1501576
2018;4,74;Porto Walter;1200393
2018;0,57;Barão de Melgaço;5101605
2018;3,79;Piçarra;1505635
2018;0,65;Luís Domingues;2106201
2018;0,62;Dom Pedro;2103802
2018;10,89;Bom Jesus das Selvas;2102036
2018;0,38;Ribamar Fiquene;2109551
2018;0,32;Terra Alta;1507961
2018;3,96;Borba;1300805
2018;0,37;Amapá do Maranhão;2100550
2018;7,01;Nova Mutum;5106224
2018;0,09;Soure;1507904
2018;0,25;São Paulo de Olivença;1303908
2018;0,39;Vale de São Domingos;5108352
2018;1,73;Alvorada D'Oeste;1100346
2018;0,62;Silves;1304005
2018;72,24;Feijó;1200302
2018;0,12;Brasilândia do Tocantins;1703602
2018;107,25;Boca do Acre;1300706
2018;0,03;Sítio Novo do Tocantins;1720804
2018;0,32;João Lisboa;2105500
2018;11,59;Monte Alegre;1504802
2018;0,47;Sorriso;5107925
2018;16,81;Nova Monte Verde;5108956
2018;0,07;Nazaré;1714302
2018;6,88;Centro Novo do Maranhão;2103174
2018;12,53;Ipixuna do Pará;1503457
2018;6,55;Corumbiara;1100072
2018;5,16;Alto Alegre;1400050
2018;1,07;Maracanã;1504307
2018;0,27;Riachinho;1718550
2018;6,22;Rio Crespo;1100262
2018;0,06;Presidente Vargas;2109304
2018;0,15;Rio Branco;5107206
2018;13,71;Bujari;1200138
2018;0,23;Santa Bárbara do Pará;1506351
2018;0,37;Cocalinho;5103106
2018;11,61;Envira;1301506
2018;0,99;São Geraldo do Araguaia;1507458
2018;4,17;Graça Aranha;2104701
2018;35,91;Porto de Moz;1505908
2018;0,18;Alto Alegre do Pindaré;2100477
2018;6,39;Governador Eugênio Barros;2104602
2018;0,42;Ferreira Gomes;1600238
2018;0,15;Santo Antônio do Leverger;5107800
2018;0,45;Miranda do Norte;2106755
2018;0,77;Palestina do Pará;1505494
2018;14,62;Oriximiná;1505304
2018;6,65;Arame;2100956
2018;0,09;Nova Olinda do Maranhão;2107357
2018;28,83;Apiacás;5100805
2018;5,53;Espigão D'Oeste;1100098
2018;8,52;Alta Floresta;5100250
2018;40,71;Nova Maringá;5108907
2018;1,74;Laranjal do Jari;1600279
2018;62,88;Medicilândia;1504455
2018;0,11;Santo Antônio dos Lopes;2110302
2018;0,27;Peixe-Boi;1505601
2018;234,54;Colniza;5103254
2018;1,96;Santo Afonso;5107263
2018;0,39;Santo Antônio do Içá;1303700
2018;2,75;Cidelândia;2103257
2018;0,90;Brejo Grande do Araguaia;1501758
2018;96,79;Portel;1505809
2018;0,12;Salvaterra;1506302
2018;0,14;Primavera;1506104
2018;14,39;Santa Carmem;5107248
2018;0,26;Muaná;1504901
2018;10,71;São José do Rio Claro;5107305
2018;32,70;Rio Branco;1200401
2018;10,26;Capixaba;1200179
2018;0,17;Tabatinga;1304062
2018;1,59;Dueré;1707306
2018;0,08;Serrano do Maranhão;2111789
2018;0,04;Figueirópolis D'Oeste;5103809
2018;22,35;Óbidos;1505106
2018;0,81;Marapanim;1504406
2018;0,20;Boa Vista do Gurupi;2101970
2018;1,50;Carauari;1301001
2018;0,68;Luzinópolis;1712454
2018;0,25;Itapiranga;1302009
2018;0,17;Guaraí;1709302
2018;1,49;Reserva do Cabaçal;5107156
2018;0,98;Garrafão do Norte;1503077
2018;1,88;Fernando Falcão;2104081
2018;0,94;Davinópolis;2103752
2018;80,67;Manicoré;1302702
2018;9,76;Vila Bela da Santíssima Trindade;5105507
2018;0,88;Cândido Mendes;2102606
2018;0,97;Japurá;1302108
2018;41,65;Paranaíta;5106299
2018;0,11;Nova Olímpia;5106232
2018;0,96;São Miguel do Tocantins;1720200
2018;8,92;Tabaporã;5107941
2018;0,47;Manaquiri;1302553
2018;1,76;Rolim de Moura;1100288
2018;0,08;Tocantinópolis;1721208
2018;0,19;Pracuúba;1600550
2018;1,33;Santa Luzia;2110005
2018;4,09;Viseu;1508308
2018;0,09;Turilândia;2112456
2018;32,61;Porto dos Gaúchos;5106802
2018;0,17;Benjamin Constant;1300607
2018;0,14;Santa Maria do Pará;1506609
2018;6,86;Grajaú;2104800
2018;22,19;Juína;5105150
2018;1,32;Monte Santo do Tocantins;1713700
2018;0,25;Araguanã;1702158
2018;100,84;Candeias do Jamari;1100809
2018;0,49;São João do Paraíso;2111052
2018;4,15;Governador Jorge Teixeira;1101005
2018;2,66;Jacundá;1503804
2018;72,16;Machadinho D'Oeste;1100130
2018;4,49;Cacaulândia;1100601
2018;0,23;São José dos Quatro Marcos;5107107
2018;2,83;Santa Rosa do Purus;1200435
2018;0,09;Goianorte;1708304
2018;0,20;Santa Helena;2109809
2018;0,33;São Caetano de Odivelas;1507102
2018;2,42;Carlinda;5102793
2018;0,10;Pau D'Arco;1716307
2018;4,07;Marechal Thaumaturgo;1200351
2018;0,54;Urucará;1304302
2018;1,55;Melgaço;1504505
2018;2,79;Pontes e Lacerda;5106752
2018;69,99;Querência;5107065
2018;0,08;Presidente Sarney;2109270
2018;19,71;Pimenta Bueno;1100189
2018;3,95;São João do Araguaia;1507508
2018;0,06;São Raimundo do Doca Bezerra;2111631
2018;0,08;Paço do Lumiar;2107506
2018;2,40;Nova Guarita;5108808
2018;0,22;Santa Fé do Araguaia;1718865
2018;17,31;Vilhena;1100304
2018;0,11;Palmeiras do Tocantins;1713809
2018;158,19;Apuí;1300144
2018;4,72;Itacoatiara;1301902
2018;5,42;Juruti;1503903
2018;8,81;Vale do Anari;1101757
2018;7,29;Ipixuna;1301803
2018;1,58;Ribeirão Cascalheira;5107180
2018;1,23;Nova União;1101435
2018;0,68;Santa Filomena do Maranhão;2109759
2018;5,92;Presidente Figueiredo;1303536
2018;1,62;Jaru;1100114
2018;0,00;Chapada de Areia;1704600
2018;18,52;Mucajaí;1400308
2018;166,99;Novo Repartimento;1505064
2018;0,22;Senador La Rocque;2111763
2018;0,07;Vargem Grande;2112704
2018;1,29;Floresta do Araguaia;1503044
2018;0,09;São José de Ribamar;2111201
2018;2,76;Conceição do Araguaia;1502707
2018;0,10;Formosa da Serra Negra;2104099
2018;0,69;Governador Archer;2104503
2018;0,93;Cantanhede;2102705
2018;1,97;Calçoene;1600204
2018;0,10;São Pedro da Água Branca;2111532
2018;23,43;Nova Ubiratã;5106240
2018;315,52;Lábrea;1302405
2018;1,20;Barcelos;1300409
2018;0,18;Maurilândia do Tocantins;1712801
2018;1,06;Jutaí;1302306
2018;0,34;Alto Paraguai;5100508
2018;0,29;Matões do Norte;2106631
2018;1,05;Porto Esperidião;5106828
2018;0,53;Lambari D'Oeste;5105234
2018;130,22;Pacajá;1505486
2018;51,69;Jacareacanga;1503754
2018;1,91;Codajás;1301308
2018;10,61;Bom Jardim;2102002
2018;0,16;Itaporã do Tocantins;1711100
2018;71,04;Cujubim;1100940
2018;2,16;Marajá do Sena;2106359
2018;9,90;Baião;1501204
2018;22,19;Xapuri;1200708
2018;22,06;Marcelândia;5105580
2018;9,53;Tapurah;5108006
2018;0,30;Sapezal;5107875
2018;2,03;Beruri;1300631
2018;3,09;Colinas;2103505
2018;192,20;Novo Progresso;1505031
2018;0,06;Vigia;1508209
2018;9,67;Açailândia;2100055
2018;8,99;Breu Branco;1501782
2018;30,79;Paranatinga;5106307
2018;18,07;Paragominas;1505502
2018;2,19;Sapucaia;1507755
2018;146,09;Nova Mamoré;1100338
2018;0,39;Amaturá;1300060
2018;0,37;São Bento do Tocantins;1720101
2018;55,65;Trairão;1508050
2018;3,00;Nova Ipixuna;1504976
2018;8,12;Pauini;1303502
2018;0,22;Penalva;2108306
2018;13,80;Alta Floresta D'Oeste;1100015
2018;2,95;Gurupá;1503101
2018;4,28;Bom Jesus do Araguaia;5101852
2018;24,22;Rondon do Pará;1506187
2018;1,84;Tucumã;1508084
2018;4,93;São João da Baliza;1400506
2018;2,67;Nova Santa Helena;5106190
2018;0,07;São Mateus do Maranhão;2111508
2018;0,40;Concórdia do Pará;1502756
2018;0,22;Paulo Ramos;2108108
2018;0,11;Rondonópolis;5107602
2018;0,51;Jenipapo dos Vieiras;2105476
2018;0,65;Piraquê;1717206
2018;0,16;Lajeado Novo;2105989
2018;0,48;Boa Vista do Ramos;1300680
2018;1,20;Igarapé-Miri;1503309
2018;0,25;Santa Terezinha do Tocantins;1720002
2018;8,87;São Miguel do Guaporé;1100320
2018;3,93;Careiro da Várzea;1301159
2018;0,50;Xambioá;1722107
2018;0,13;Campestre do Maranhão;2102556
2018;3,14;Vila Rica;5108600
2018;96,00;Itaituba;1503606
2018;3,93;Eldorado do Carajás;1502954
2018;1,83;Itaubal;1600253
2018;0,30;Mocajuba;1504604
2018;4,54;Nova Esperança do Piriá;1504950
2018;1,00;Manaus;1302603
2018;1,83;São Gabriel da Cachoeira;1303809
2018;25,76;Juara;5105101
2018;0,29;Bragança;1501709
2018;0,07;São Francisco do Pará;1507409
2018;0,39;Miranorte;1713304
2018;1,15;Rosário;2109601
2018;0,79;Porto Franco;2109007
2018;12,87;Santarém;1506807
2018;3,46;Novo Santo Antônio;5106315
2018;0,27;Salinópolis;1506203
2018;0,14;Canarana;5102702
2018;0,26;São Francisco do Brejão;2110856
2018;1,74;Castanheiras;1100908
2018;378,08;Porto Velho;1100205
2018;3,32;Faro;1503002
2018;0,68;Urupá;1101708
2018;0,07;Axixá do Tocantins;1702901
2018;1,10;Curuçá;1502905
2018;0,14;Inhangapi;1503408
2018;0,88;Porto Alegre do Norte;5106778
2018;12,25;Santana do Araguaia;1506708
2018;4,42;Juruena;5105176
2018;0,82;Barcarena;1501303
2018;0,17;Nobres;5105903
2018;0,89;Xinguara;1508407
2018;20,28;Goianésia do Pará;1503093
2018;0,56;Carutapera;2102903
2018;429,95;Altamira;1500602
2018;16,48;Tomé-Açu;1508001
2018;1,09;Montes Altos;2107001
2018;0,16;Cajari;2102507
2018;47,44;Humaitá;1301704
2018;1,40;Terra Santa;1507979
2018;3,66;Aurora do Pará;1500958
2018;0,64;Ministro Andreazza;1101203
2018;50,04;Rurópolis;1506195
2018;8,50;Gonçalves Dias;2104404
2018;0,67;Atalaia do Norte;1300201
2018;48,29;Marabá;1504208
2018;0,36;Icatu;2105104
2018;2,05;Coari;1301209
2018;0,69;Centro do Guilherme;2103158
2018;8,32;Tefé;1304203
2018;0,54;Santana;1600600
2018;33,52;Moju;1504703
2018;0,29;Porto Estrela;5106851
2018;4,26;Vitória do Xingu;1508357
2018;15,11;Brasnorte;5101902
2018;0,02;São João do Soter;2111078
2018;81,62;Uruará;1508159
2018;3,65;Mâncio Lima;1200336
2018;11,79;Guajará;1301654
2018;0,36;Breves;1501808
2018;0,37;Praia Norte;1718303
2018;18,59;Almeirim;1500503
2018;2,85;Barra do Bugres;5101704
2018;8,88;Itinga do Maranhão;2105427
2018;0,35;Poconé;5106505
2018;8,96;Seringueiras;1101500
2018;0,92;Ipiranga do Norte;5104526
2018;9,35;Chupinguaia;1100924
2018;0,91;Bujaru;1501907
2018;0,65;Vila Nova dos Martírios;2112852
2018;3,18;Cabixi;1100031
2018;0,72;Santa Isabel do Rio Negro;1303601
2018;7,32;Rio Maria;1506161
2018;0,87;Careiro;1301100
2018;0,52;Colorado do Oeste;1100064
2018;4,03;São Luiz;1400605
2018;0,65;Tangará da Serra;5107958
2018;13,69;Novo Mundo;5106265
2018;4,67;Água Azul do Norte;1500347
2018;0,00;Igarapé do Meio;2105153
2018;0,72;São Sebastião do Uatumã;1303957
2018;12,23;Itanhangá;5104542
2018;28,54;União do Sul;5108303
2018;40,19;Tarauacá;1200609
2018;0,16;Itaipava do Grajaú;2105351
2018;7,93;Assis Brasil;1200054
2018;2,61;Belterra;1501451
2018;0,39;Presidente Juscelino;2109205
2018;1,75;Rio Preto da Eva;1303569
2018;0,83;Novo Horizonte do Oeste;1100502
2018;0,95;Lagoa da Confusão;1711902
2018;71,81;Rondolândia;5107578
2018;23,51;Peixoto de Azevedo;5106422
2018;0,19;Arapoema;1702307
2018;65,26;Alto Paraíso;1100403
2018;0,19;Bacabeira;2101251
2018;4,91;Cacoal;1100049
2018;0,02;Conquista D'Oeste;5103361
2018;0,18;Serra do Navio;1600055
2018;6,42;Maués;1302900
2018;0,14;Capinzal do Norte;2102754
2018;20,41;Santa Cruz do Xingu;5107743
2018;15,76;Nova Canaã do Norte;5106216
2018;0,44;Dois Irmãos do Tocantins;1707207
2018;0,44;Castanhal;1502400
2018;8,07;Serra Nova Dourada;5107883
2018;5,76;São José do Xingu;5107354
2018;0,09;Tonantins;1304237
2018;4,59;Governador Luiz Rocha;2104628
2018;0,94;Caapiranga;1300839
2018;0,38;Nova Marilândia;5108857
2018;0,25;Benevides;1501501
2018;1,24;Ji-Paraná;1100122
2018;0,55;Itaguatins;1710706
2018;4,10;Guarantã do Norte;5104104
2018;8,17;Senador Guiomard;1200450
2018;9,29;Buriticupu;2102325
2018;28,78;Cumaru do Norte;1502764
2018;0,14;Aguiarnópolis;1700301
2018;5,05;Curuá;1502855
2018;0,83;Bagre;1501105
2018;1,96;Manacapuru;1302504
2018;1,62;Barreirinha;1300508
2018;18,84;Brasil Novo;1501725
2018;1,07;Porto Grande;1600535
2018;5,23;Matupá;5105606
2018;2,38;Oiapoque;1600501
2018;1,68;Angico;1701051
2018;17,62;Tapauá;1304104
2018;20,49;Alto Boa Vista;5100359
2018;0,67;São Miguel do Guamá;1507607
2018;2,07;Lucas do Rio Verde;5105259
2018;0,95;Aragominas;1701309
2018;4,71;Turiaçu;2112407
2018;0,25;Joselândia;2105609
2018;0,08;Pinheiro;2108603
2018;1,58;Canabrava do Norte;5102694
2018;16,36;Itapuã do Oeste;1101104
2018;2,63;Parauapebas;1505536
2018;90,26;Placas;1505650
2018;0,93;Curionópolis;1502772
2018;0,00;Teixeirópolis;1101559
2018;1,77;Codó;2103307
2018;4,67;Tuntum;2112308
2018;5,90;Nova Lacerda;5106182
2018;12,47;Porto Acre;1200807
2018;21,72;Itaúba;5104559
2018;43,79;Buritis;1100452
2018;0,49;Cutias;1600212
2018;29,79;Costa Marques;1100080
2018;2,06;Cáceres;5102504
2018;2,59;Parintins;1303403
2018;16,20;Tucuruí;1508100
2018;7,21;Alto Alegre dos Parecis;1100379
2018;1,28;Imperatriz;2105302
2018;13,63;Tailândia;1507953
2018;7,99;Epitaciolândia;1200252
2018;0,43;Pau D'Arco;1505551
2018;0,10;Anori;1300102
2018;2,03;Pedra Branca do Amapari;1600154
2018;277,14;São Félix do Xingu;1507300
2018;8,70;Ourilândia do Norte;1505437
2018;1,77;Santa Rita;2110203
2018;0,93;Belém;1501402
2018;8,55;Gaúcha do Norte;5103858
2018;21,09;Brasiléia;1200104
2018;4,60;Mazagão;1600402
2018;0,39;Presidente Médici;1100254
2018;1,21;Primavera de Rondônia;1101476
2018;0,98;Couto Magalhães;1706001
2018;5,36;Uarini;1304260
2018;0,50;Mirassol d'Oeste;5105622
2018;4,02;Macapá;1600303
2018;0,18;Santa Luzia do Pará;1506559
2018;0,33;Irituia;1503507
2018;1,43;Vitória do Jari;1600808
2018;9,47;Rodrigues Alves;1200427
2018;13,42;Autazes;1300300
2018;1,58;Bannach;1501253
2018;2,51;Colíder;5103205
2018;0,62;São João da Ponta;1507466
2018;16,76;Ariquemes;1100023
2018;33,82;Sinop;5107909
2018;0,14;Governador Edison Lobão;2104552
2018;6,91;Vera;5108501
2018;4,77;Nhamundá;1303007
2018;139,93;Novo Aripuanã;1303304
2018;59,57;Nova Bandeirantes;5106158
2018;2,32;Jatobá;2105450
2018;0,21;Quatipuru;1506112
2018;0,19;Tracuateua;1508035
2018;6,48;Ulianópolis;1508126
2018;0,45;Jauru;5105002
2018;0,54;Nova Timboteua;1505007
2018;24,19;Mojuí dos Campos;1504752
2018;15,22;Confresa;5103353
2018;2,40;Bonfim;1400159
2018;0,25;Anamã;1300086
2018;1,18;Iranduba;1301852
2018;1,09;Nova Brasilândia D'Oeste;1100148
2018;1,14;Ananás;1701002
2018;23,70;Ouro Preto do Oeste;1100155
2018;18,06;Cruzeiro do Sul;1200203
2018;10,65;Dom Eliseu;1502939
2018;0,64;Abaetetuba;1500107
2018;0,31;Redenção;1506138
2018;0,52;São Luís;2111300
2018;4,01;Diamantino;5103502
2018;0,36;Campos de Júlio;5102686
2018;0,41;Ourém;1505403
2018;0,23;Peritoró;2108454
2018;0,65;Novo Airão;1303205
2018;49,42;Cláudia;5103056
2018;1,86;Nova Olinda do Norte;1303106
2018;1,96;Buritirana;2102358
2018;9,31;Cantá;1400175
2018;0,48;Muricilândia;1713957
2018;0,28;Pirapemas;2108801
2018;33,99;São Félix do Araguaia;5107859
2018;0,52;Magalhães Barata;1504109
2018;1,13;Maraã;1302801
2018;0,17;Maracaçumé;2106326
2018;1,00;Canaã dos Carajás;1502152
2018;4,37;Fortuna;2104206
2018;0,19;Pedro Afonso;1716505
2018;0,90;Cerejeiras;1100056
2018;43,62;Canutama;1300904
2018;0,22;Juscimeira;5105200
2018;1,89;Oeiras do Pará;1505205
2018;2,63;Araguatins;1702208
2018;0,82;Luciara;5105309
2018;1,43;Juruá;1302207
2018;0,91;São Domingos do Capim;1507201
2018;46,46;Manoel Urbano;1200344
2018;0,19;Caseara;1703909
2018;20,95;Aveiro;1501006
2018;6,27;Jordão;1200328
2018;0,34;São José dos Basílios;2111250
2018;0,89;São João de Pirabas;1507474
2018;7,18;Parecis;1101450
2018;0,61;Zé Doca;2114007
2018;1,69;Tartarugalzinho;1600709
2018;21,41;Campo Novo de Rondônia;1100700
2018;15,69;Guajará-Mirim;1100106
2018;2,90;Vale do Paraíso;1101807
2018;11,93;Caroebe;1400233
2018;16,61;Monte Negro;1101401
2018;3,18;Castanheira;5102850
2018;9,21;Barra do Corda;2101608
2018;0,07;Axixá;2101103
2017;0,00;Matinha;2106508
2017;0,09;Wanderlândia;1722081
2017;0,00;Itaubal;1600253
2017;0,00;Lagoa do Tocantins;1711951
2017;0,00;Central do Maranhão;2103125
2017;0,00;Filadélfia;1707702
2017;0,00;Carolina;2102804
2017;0,00;Olho d'Água das Cunhãs;2107407
2017;0,00;Benedito Leite;2101806
2017;0,00;Cristalândia;1706100
2017;0,00;Araguainha;5101209
2017;0,00;Fátima;1707553
2017;0,00;Miranorte;1713304
2017;0,00;Cachoeirinha;1703826
2017;0,00;Riachão;2109502
2017;0,00;São Roberto;2111672
2017;0,00;Dois Irmãos do Tocantins;1707207
2017;0,00;Ponte Alta do Tocantins;1717909
2017;0,00;Muaná;1504901
2017;0,00;Sucupira do Norte;2111904
2017;0,00;São Pedro da Cipa;5107404
2017;0,00;Taipas do Tocantins;1720937
2017;0,00;Arenápolis;5101308
2017;0,00;Esperantinópolis;2104008
2017;0,00;Nossa Senhora do Livramento;5106109
2017;0,00;Pontal do Araguaia;5106653
2017;0,00;Buriti do Tocantins;1703800
2017;0,00;Bacuri;2101301
2017;0,00;Alto Taquari;5100607
2017;0,00;Santo Antônio do Leste;5107792
2017;0,00;São Salvador do Tocantins;1720259
2017;0,00;Palmeirante;1715705
2017;0,00;Vitorino Freire;2113009
2017;0,00;São Sebastião do Tocantins;1720309
2017;0,00;Porto Alegre do Tocantins;1718006
2017;0,00;Itiquira;5104609
2017;0,00;Pugmil;1718451
2017;0,00;Lago dos Rodrigues;2105948
2017;0,00;Carrasco Bonito;1703891
2017;0,00;Rosário Oeste;5107701
2017;0,00;Palmas;1721000
2017;0,00;Paranã;1716208
2017;0,00;Tupirama;1721257
2017;0,00;Porto Rico do Maranhão;2109056
2017;0,00;Passagem Franca;2107902
2017;0,00;Barra do Ouro;1703073
2017;0,00;Cajapió;2102408
2017;0,00;São Domingos do Azeitão;2110658
2017;0,00;Bela Vista do Maranhão;2101772
2017;0,00;Maranhãozinho;2106375
2017;0,00;Tocantínia;1721109
2017;0,00;Alvorada;1700707
2017;0,00;Talismã;1720978
2017;0,00;Gurupi;1709500
2017;0,00;Raposa;2109452
2017;0,00;Sucupira;1720853
2017;0,00;Torixoréu;5108204
2017;0,00;Mirinzal;2106805
2017;0,00;Natividade;1714203
2017;0,00;Conceição do Lago-Açu;2103554
2017;0,00;Guiratinga;5104203
2017;0,00;Darcinópolis;1706506
2017;0,00;Goiatins;1709005
2017;0,00;Alto Garças;5100409
2017;0,00;Santa Rosa do Tocantins;1718907
2017;0,00;Lago da Pedra;2105708
2017;0,00;Boa Vista;1400100
2017;0,00;Pedra Preta;5106372
2017;0,00;Rio Branco;5107206
2017;0,00;Ananás;1701002
2017;0,00;Igarapé Grande;2105203
2017;0,00;Guimarães;2104909
2017;0,00;Primavera do Leste;5107040
2017;0,00;Jaú do Tocantins;1711506
2017;0,00;Alto Paraguai;5100508
2017;0,00;Ponte Alta do Bom Jesus;1717800
2017;0,00;Cachoeira Grande;2102374
2017;0,00;Muricilândia;1713957
2017;0,00;Axixá do Tocantins;1702901
2017;0,00;Santa Cruz do Arari;1506401
2017;0,00;Cuiabá;5103403
2017;0,00;Augusto Corrêa;1500909
2017;0,00;Nova Rosalândia;1715002
2017;0,00;Trizidela do Vale;2112233
2017;0,00;Araguanã;1702158
2017;0,00;São Vicente Ferrer;2111706
2017;0,00;Axixá;2101103
2017;0,00;Arraias;1702406
2017;0,00;Juarina;1711803
2017;0,00;Olinda Nova do Maranhão;2107456
2017;0,00;Acorizal;5100102
2017;0,00;Bom Lugar;2102077
2017;0,00;Serrano do Maranhão;2111789
2017;0,00;Barrolândia;1703107
2017;0,00;Icatu;2105104
2017;0,00;Santa Terezinha do Tocantins;1720002
2017;0,00;Campos Lindos;1703842
2017;0,00;Araputanga;5101258
2017;0,00;Ferreira Gomes;1600238
2017;0,00;Bernardo Sayão;1703206
2017;0,00;Dianópolis;1707009
2017;0,00;General Carneiro;5103908
2017;0,00;São Raimundo do Doca Bezerra;2111631
2017;0,00;Rio Sono;1718758
2017;0,00;São João do Paraíso;2111052
2017;0,00;São Félix de Balsas;2110807
2017;0,00;Cariri do Tocantins;1703867
2017;0,00;Campinápolis;5102603
2017;0,00;Novo Acordo;1715101
2017;0,00;Tabocão;1708254
2017;0,00;Bacabal;2101202
2017;0,00;Luzinópolis;1712454
2017;0,00;Brasilândia do Tocantins;1703602
2017;0,00;São Bento;2110500
2017;0,00;Paraíso do Tocantins;1716109
2017;0,00;Santa Maria do Tocantins;1718881
2017;0,00;Lajeado;1712009
2017;0,00;Jaciara;5104807
2017;0,00;Aurora do Tocantins;1702703
2017;0,00;Brejinho de Nazaré;1703701
2017;0,00;Silvanópolis;1720655
2017;0,00;Poxoréu;5107008
2017;0,00;Chapada da Natividade;1705102
2017;0,00;São José dos Quatro Marcos;5107107
2017;0,00;Porto Nacional;1718204
2017;0,00;Lavandeira;1712157
2017;0,00;Rio dos Bois;1718709
2017;0,00;Altamira do Maranhão;2100402
2017;0,00;Monte Santo do Tocantins;1713700
2017;0,00;Ipueiras;1709807
2017;0,00;Crixás do Tocantins;1706258
2017;0,00;Apicum-Açu;2100832
2017;0,00;Presidente Médici;2109239
2017;0,00;Ponte Branca;5106703
2017;0,00;Santa Tereza do Tocantins;1719004
2017;0,00;Paraibano;2107704
2017;0,00;Curvelândia;5103437
2017;0,00;Lago Verde;2105906
2017;0,00;Cedral;2103109
2017;0,00;Indiavaí;5104500
2017;0,00;Babaçulândia;1703008
2017;0,00;Pindorama do Tocantins;1717008
2017;0,00;Alto Araguaia;5100300
2017;0,00;Pio XII;2108702
2017;0,00;Rio da Conceição;1718659
2017;0,00;Ponta de Pedras;1505700
2017;0,00;Araguaiana;5101001
2017;0,00;Pastos Bons;2108009
2017;0,00;São Pedro dos Crentes;2111573
2017;0,00;Governador Edison Lobão;2104552
2017;0,00;Colinas do Tocantins;1705508
2017;0,00;Fortaleza dos Nogueiras;2104107
2017;0,00;Alcântara;2100204
2017;0,00;Araguaçu;1702000
2017;0,00;Sandolândia;1718840
2017;0,00;Aparecida do Rio Negro;1701101
2017;0,00;Tupiratins;1721307
2017;0,00;Aliança do Tocantins;1700350
2017;0,00;Estreito;2104057
2017;0,00;São Félix do Tocantins;1720150
2017;0,00;Normandia;1400407
2017;0,00;Ribeirãozinho;5107198
2017;0,00;Balsas;2101400
2017;0,00;Novo Jardim;1715259
2017;0,00;Colméia;1716703
2017;0,00;Novo Alegre;1715150
2017;0,00;Figueirópolis D'Oeste;5103809
2017;0,00;Tufilândia;2112274
2017;0,00;Terra Alta;1507961
2017;0,00;Figueirópolis;1707652
2017;0,00;Miracema do Tocantins;1713205
2017;0,00;Cachoeira do Arari;1502004
2017;0,00;Tasso Fragoso;2112001
2017;0,00;Várzea Grande;5108402
2017;0,00;Monte do Carmo;1713601
2017;0,00;Santa Inês;2109908
2017;0,00;Tesouro;5108105
2017;0,00;Chapada dos Guimarães;5103007
2017;0,00;Bom Jesus do Tocantins;1703305
2017;0,00;Ananindeua;1500800
2017;0,00;Anajás;1500701
2017;0,00;Planalto da Serra;5106455
2017;0,00;Conceição do Tocantins;1705607
2017;0,00;Carmolândia;1703883
2017;0,00;Alto Parnaíba;2100501
2017;0,00;Poção de Pedras;2108900
2017;0,00;São João Batista;2111003
2017;0,00;São José do Povo;5107297
2017;0,00;Nova Iorque;2107308
2017;0,00;Peixe;1716604
2017;0,00;Jangada;5104906
2017;0,00;São Raimundo das Mangabeiras;2111607
2017;0,00;Pedreiras;2108207
2017;0,00;Bandeirantes do Tocantins;1703057
2017;0,00;Mirador;2106706
2017;0,00;Mateiros;1712702
2017;0,00;Sampaio;1718808
2017;0,00;Nova Olinda;1714880
2017;0,00;Nova Colinas;2107258
2017;0,00;Satubinha;2111722
2017;0,00;Primavera;1506104
2017;0,00;Oliveira de Fátima;1715507
2017;0,00;Pindaré-Mirim;2108504
2017;0,00;Cururupu;2103703
2017;0,00;Itapiratins;1710904
2017;0,00;Novo São Joaquim;5106281
2017;0,00;Itacajá;1710508
2017;0,00;Peri Mirim;2108405
2017;0,00;Almas;1700400
2017;0,00;Loreto;2106102
2017;0,00;Dom Aquino;5103601
2017;0,00;Palmeirópolis;1715754
2017;0,00;São João do Soter;2111078
2017;0,00;Juscimeira;5105200
2017;0,00;Sambaíba;2109700
2017;0,00;Governador Newton Bello;2104651
2017;0,00;Lizarda;1712405
2017;0,00;Taguatinga;1720903
2017;0,00;Bacurituba;2101350
2017;0,00;Centenário;1704105
2017;0,00;Morros;2107100
2017;0,00;Bequimão;2101905
2017;0,00;Feira Nova do Maranhão;2104073
2017;0,00;Lago do Junco;2105807
2017;0,00;Combinado;1705557
2017;0,00;São Valério;1720499
2017;0,00;Itaporã do Tocantins;1711100
2017;0,00;Maurilândia do Tocantins;1712801
2017;4,18;Alvarães;1300029
2017;1,31;Coroatá;2103604
2017;3,31;Theobroma;1101609
2017;9,03;Amajari;1400027
2017;0,54;Lagoa Grande do Maranhão;2105963
2017;5,00;Plácido de Castro;1200385
2017;0,28;Santarém Novo;1506906
2017;20,99;Cachoeira do Piriá;1501956
2017;0,24;Capanema;1502202
2017;1,70;Santa Izabel do Pará;1506500
2017;9,63;São Domingos do Maranhão;2110708
2017;0,25;Augustinópolis;1702554
2017;0,21;Araguacema;1701903
2017;2,36;Buriti Bravo;2102309
2017;91,93;Aripuanã;5101407
2017;98,43;Anapu;1500859
2017;0,24;Abel Figueiredo;1500131
2017;2,86;Pimenteiras do Oeste;1101468
2017;0,14;Pium;1717503
2017;0,54;Santa Luzia D'Oeste;1100296
2017;14,83;São Francisco do Guaporé;1101492
2017;0,64;Nortelândia;5106000
2017;1,27;Cametá;1502103
2017;2,67;Itapecuru Mirim;2105401
2017;0,93;Araguaína;1702109
2017;25,26;Comodoro;5103304
2017;0,10;Salto do Céu;5107750
2017;22,41;Caracaraí;1400209
2017;18,54;Acará;1500206
2017;2,49;Godofredo Viana;2104305
2017;0,09;São Felipe D'Oeste;1101484
2017;0,00;Esperantina;1707405
2017;33,70;Rorainópolis;1400472
2017;1,83;Arari;2101004
2017;8,07;Amarante do Maranhão;2100600
2017;4,38;Terra Nova do Norte;5108055
2017;27,47;Alenquer;1500404
2017;98,75;Senador José Porfírio;1507805
2017;11,06;Iracema;1400282
2017;0,87;Presidente Dutra;2109106
2017;34,53;Sena Madureira;1200500
2017;0,43;Fonte Boa;1301605
2017;1,55;São Domingos do Araguaia;1507151
2017;29,21;Itupiranga;1503705
2017;21,07;Santa Terezinha;5107776
2017;40,50;Feliz Natal;5103700
2017;16,74;Santa Maria das Barreiras;1506583
2017;1,97;Formoso do Araguaia;1708205
2017;67,05;Prainha;1506005
2017;1,77;Monção;2106904
2017;1,79;Capitão Poço;1502301
2017;4,46;Mirante da Serra;1101302
2017;0,83;Itamarati;1301951
2017;5,71;Acrelândia;1200013
2017;45,08;Cotriguaçu;5103379
2017;2,83;Eirunepé;1301407
2017;1,31;Senador Alexandre Costa;2111748
2017;5,73;Bom Jesus do Tocantins;1501576
2017;3,09;Porto Walter;1200393
2017;0,34;Barão de Melgaço;5101605
2017;0,35;São João do Carú;2111029
2017;2,76;Piçarra;1505635
2017;1,02;Luís Domingues;2106201
2017;0,72;Dom Pedro;2103802
2017;15,97;Bom Jesus das Selvas;2102036
2017;1,28;Ribamar Fiquene;2109551
2017;3,37;Borba;1300805
2017;5,38;Amapá do Maranhão;2100550
2017;2,46;Nova Mutum;5106224
2017;0,53;Soure;1507904
2017;1,01;São Paulo de Olivença;1303908
2017;0,20;Vale de São Domingos;5108352
2017;1,13;Alvorada D'Oeste;1100346
2017;1,06;Silves;1304005
2017;26,37;Feijó;1200302
2017;94,21;Boca do Acre;1300706
2017;0,17;Sítio Novo do Tocantins;1720804
2017;1,86;João Lisboa;2105500
2017;31,05;Monte Alegre;1504802
2017;0,60;Sorriso;5107925
2017;17,43;Nova Monte Verde;5108956
2017;0,15;Santa Rita do Tocantins;1718899
2017;0,15;Nazaré;1714302
2017;6,62;Centro Novo do Maranhão;2103174
2017;2,17;Chaves;1502509
2017;8,38;Ipixuna do Pará;1503457
2017;2,71;Corumbiara;1100072
2017;1,80;Alto Alegre;1400050
2017;1,40;Maracanã;1504307
2017;0,28;Riachinho;1718550
2017;8,04;Rio Crespo;1100262
2017;0,25;Presidente Vargas;2109304
2017;7,63;Bujari;1200138
2017;0,17;Santa Bárbara do Pará;1506351
2017;11,42;Cocalinho;5103106
2017;4,63;Envira;1301506
2017;1,89;São Geraldo do Araguaia;1507458
2017;1,27;Graça Aranha;2104701
2017;15,06;Porto de Moz;1505908
2017;0,16;Alto Alegre do Pindaré;2100477
2017;4,64;Governador Eugênio Barros;2104602
2017;0,81;Santo Antônio do Leverger;5107800
2017;1,97;Miranda do Norte;2106755
2017;1,32;Palestina do Pará;1505494
2017;11,55;Oriximiná;1505304
2017;25,29;Arame;2100956
2017;0,10;Nova Olinda do Maranhão;2107357
2017;27,14;Apiacás;5100805
2017;4,25;Espigão D'Oeste;1100098
2017;11,74;Alta Floresta;5100250
2017;49,06;Nova Maringá;5108907
2017;1,82;Laranjal do Jari;1600279
2017;116,56;Medicilândia;1504455
2017;0,70;Santo Antônio dos Lopes;2110302
2017;1,79;Peixe-Boi;1505601
2017;174,44;Colniza;5103254
2017;3,71;Santo Afonso;5107263
2017;1,23;Santo Antônio do Içá;1303700
2017;0,66;Cidelândia;2103257
2017;1,92;Brejo Grande do Araguaia;1501758
2017;167,57;Portel;1505809
2017;2,44;Salvaterra;1506302
2017;27,10;Santa Carmem;5107248
2017;16,50;São José do Rio Claro;5107305
2017;25,86;Rio Branco;1200401
2017;11,57;Capixaba;1200179
2017;0,45;Tabatinga;1304062
2017;2,10;Dueré;1707306
2017;17,94;Óbidos;1505106
2017;0,12;Junco do Maranhão;2105658
2017;0,69;Marapanim;1504406
2017;3,07;Boa Vista do Gurupi;2101970
2017;0,45;Carauari;1301001
2017;1,15;Itapiranga;1302009
2017;0,27;Palmeirândia;2107605
2017;1,05;Guaraí;1709302
2017;1,25;Reserva do Cabaçal;5107156
2017;0,37;Nova Xavantina;5106257
2017;0,61;Garrafão do Norte;1503077
2017;12,16;Fernando Falcão;2104081
2017;0,53;Davinópolis;2103752
2017;99,40;Manicoré;1302702
2017;17,05;Vila Bela da Santíssima Trindade;5105507
2017;3,66;Cândido Mendes;2102606
2017;0,62;Japurá;1302108
2017;41,01;Paranaíta;5106299
2017;0,26;Nova Olímpia;5106232
2017;0,19;São Miguel do Tocantins;1720200
2017;27,84;Tabaporã;5107941
2017;1,00;Manaquiri;1302553
2017;2,27;Rolim de Moura;1100288
2017;0,08;Tocantinópolis;1721208
2017;0,18;Pracuúba;1600550
2017;3,12;Santa Luzia;2110005
2017;11,04;Viseu;1508308
2017;1,38;Turilândia;2112456
2017;18,76;Porto dos Gaúchos;5106802
2017;0,44;Benjamin Constant;1300607
2017;0,08;Santa Maria do Pará;1506609
2017;9,56;Grajaú;2104800
2017;32,86;Juína;5105150
2017;0,16;Amapá;1600105
2017;105,01;Candeias do Jamari;1100809
2017;6,71;Governador Jorge Teixeira;1101005
2017;2,00;Jacundá;1503804
2017;98,35;Machadinho D'Oeste;1100130
2017;12,19;Cacaulândia;1100601
2017;0,35;Alto Alegre do Maranhão;2100436
2017;0,09;Divinópolis do Tocantins;1707108
2017;2,39;Santa Rosa do Purus;1200435
2017;0,56;Goianorte;1708304
2017;1,61;Santa Helena;2109809
2017;0,33;São Caetano de Odivelas;1507102
2017;2,31;Carlinda;5102793
2017;0,37;Pau D'Arco;1716307
2017;2,59;Marechal Thaumaturgo;1200351
2017;0,63;Urucará;1304302
2017;2,92;Melgaço;1504505
2017;4,51;Pontes e Lacerda;5106752
2017;17,36;Querência;5107065
2017;1,72;Presidente Sarney;2109270
2017;0,39;São Luís Gonzaga do Maranhão;2111409
2017;20,91;Pimenta Bueno;1100189
2017;4,82;São João do Araguaia;1507508
2017;0,22;Paço do Lumiar;2107506
2017;2,34;Nova Guarita;5108808
2017;4,66;Santa Fé do Araguaia;1718865
2017;14,72;Vilhena;1100304
2017;0,23;Palmeiras do Tocantins;1713809
2017;169,54;Apuí;1300144
2017;11,07;Itacoatiara;1301902
2017;11,59;Juruti;1503903
2017;10,02;Vale do Anari;1101757
2017;2,25;Ipixuna;1301803
2017;9,92;Ribeirão Cascalheira;5107180
2017;1,23;Nova União;1101435
2017;0,99;Santa Filomena do Maranhão;2109759
2017;8,61;Presidente Figueiredo;1303536
2017;1,96;Jaru;1100114
2017;0,09;Chapada de Areia;1704600
2017;0,32;Pacaraima;1400456
2017;8,33;Mucajaí;1400308
2017;121,66;Novo Repartimento;1505064
2017;1,31;Senador La Rocque;2111763
2017;0,34;Vargem Grande;2112704
2017;3,97;Floresta do Araguaia;1503044
2017;0,17;São José de Ribamar;2111201
2017;0,17;Uiramutã;1400704
2017;3,03;Conceição do Araguaia;1502707
2017;0,07;Formosa da Serra Negra;2104099
2017;1,23;Governador Archer;2104503
2017;0,55;Cantanhede;2102705
2017;3,02;Calçoene;1600204
2017;0,92;São Pedro da Água Branca;2111532
2017;43,73;Nova Ubiratã;5106240
2017;276,87;Lábrea;1302405
2017;1,11;Barcelos;1300409
2017;9,42;Jutaí;1302306
2017;0,62;Denise;5103452
2017;0,54;Matões do Norte;2106631
2017;0,63;Bonito;1501600
2017;0,28;Porto Esperidião;5106828
2017;0,30;Campo Verde;5102678
2017;1,13;Lambari D'Oeste;5105234
2017;179,26;Pacajá;1505486
2017;35,24;Jacareacanga;1503754
2017;1,40;Codajás;1301308
2017;1,67;Marianópolis do Tocantins;1712504
2017;14,83;Bom Jardim;2102002
2017;85,99;Cujubim;1100940
2017;4,57;Marajá do Sena;2106359
2017;5,20;Baião;1501204
2017;20,95;Xapuri;1200708
2017;47,99;Marcelândia;5105580
2017;7,23;Tapurah;5108006
2017;63,44;Nova Nazaré;5106174
2017;0,11;Marituba;1504422
2017;1,10;Sapezal;5107875
2017;1,58;Beruri;1300631
2017;3,67;Colinas;2103505
2017;0,14;Urucurituba;1304401
2017;0,15;Curralinho;1502806
2017;60,58;Novo Progresso;1505031
2017;0,17;Vigia;1508209
2017;4,27;Açailândia;2100055
2017;8,90;Breu Branco;1501782
2017;8,54;Paranatinga;5106307
2017;19,60;Paragominas;1505502
2017;3,84;Sapucaia;1507755
2017;177,20;Nova Mamoré;1100338
2017;1,59;Pedro do Rosário;2108256
2017;0,58;Amaturá;1300060
2017;0,35;São Bento do Tocantins;1720101
2017;81,24;Trairão;1508050
2017;3,94;Nova Ipixuna;1504976
2017;13,56;Pauini;1303502
2017;1,20;Penalva;2108306
2017;19,30;Alta Floresta D'Oeste;1100015
2017;2,17;Gurupá;1503101
2017;9,48;Bom Jesus do Araguaia;5101852
2017;0,14;Governador Nunes Freire;2104677
2017;19,25;Rondon do Pará;1506187
2017;3,91;Tucumã;1508084
2017;4,53;São João da Baliza;1400506
2017;3,48;Nova Santa Helena;5106190
2017;0,19;São Mateus do Maranhão;2111508
2017;3,10;Concórdia do Pará;1502756
2017;0,20;Paulo Ramos;2108108
2017;0,69;Rondonópolis;5107602
2017;1,79;Jenipapo dos Vieiras;2105476
2017;0,31;Lajeado Novo;2105989
2017;0,90;Boa Vista do Ramos;1300680
2017;0,49;Igarapé-Miri;1503309
2017;9,86;São Miguel do Guaporé;1100320
2017;5,54;Careiro da Várzea;1301159
2017;0,56;Xambioá;1722107
2017;0,58;Campestre do Maranhão;2102556
2017;5,73;Vila Rica;5108600
2017;79,97;Itaituba;1503606
2017;1,95;Eldorado do Carajás;1502954
2017;0,30;Mocajuba;1504604
2017;5,50;Nova Esperança do Piriá;1504950
2017;1,98;Manaus;1302603
2017;0,94;São Gabriel da Cachoeira;1303809
2017;21,47;Juara;5105101
2017;0,57;Bragança;1501709
2017;0,24;São Francisco do Pará;1507409
2017;0,49;Piraquê;1717206
2017;1,58;Porto Franco;2109007
2017;20,68;Santarém;1506807
2017;5,25;Novo Santo Antônio;5106315
2017;0,09;Salinópolis;1506203
2017;0,37;Mãe do Rio;1504059
2017;1,61;Canarana;5102702
2017;0,45;São Francisco do Brejão;2110856
2017;4,17;Castanheiras;1100908
2017;346,76;Porto Velho;1100205
2017;1,15;Faro;1503002
2017;0,79;Urupá;1101708
2017;0,43;Curuçá;1502905
2017;0,20;Inhangapi;1503408
2017;0,42;Porto Alegre do Norte;5106778
2017;14,03;Santana do Araguaia;1506708
2017;16,88;Juruena;5105176
2017;2,77;Barcarena;1501303
2017;3,34;Nobres;5105903
2017;0,31;Novo Horizonte do Norte;5106273
2017;1,36;Xinguara;1508407
2017;0,07;Sítio Novo;2111805
2017;23,60;Goianésia do Pará;1503093
2017;4,71;Carutapera;2102903
2017;224,22;Altamira;1500602
2017;11,49;Tomé-Açu;1508001
2017;0,38;Montes Altos;2107001
2017;1,66;Cajari;2102507
2017;34,56;Humaitá;1301704
2017;2,21;Terra Santa;1507979
2017;4,62;Aurora do Pará;1500958
2017;0,76;Recursolândia;1718501
2017;1,65;Ministro Andreazza;1101203
2017;0,07;São Sebastião da Boa Vista;1507706
2017;42,86;Rurópolis;1506195
2017;0,15;Anajatuba;2100709
2017;9,80;Gonçalves Dias;2104404
2017;1,24;Atalaia do Norte;1300201
2017;41,62;Marabá;1504208
2017;2,11;Coari;1301209
2017;1,74;Água Boa;5100201
2017;0,27;Centro do Guilherme;2103158
2017;5,73;Tefé;1304203
2017;0,22;Santana;1600600
2017;43,14;Moju;1504703
2017;0,23;Porto Estrela;5106851
2017;7,15;Vitória do Xingu;1508357
2017;25,27;Brasnorte;5101902
2017;88,58;Uruará;1508159
2017;0,12;Afuá;1500305
2017;1,83;Mâncio Lima;1200336
2017;4,84;Guajará;1301654
2017;1,04;Breves;1501808
2017;1,02;Praia Norte;1718303
2017;20,80;Almeirim;1500503
2017;0,57;Pequizeiro;1716653
2017;7,31;Barra do Bugres;5101704
2017;5,95;Itinga do Maranhão;2105427
2017;0,38;Poconé;5106505
2017;0,64;Barra do Garças;5101803
2017;6,23;Seringueiras;1101500
2017;1,21;Ipiranga do Norte;5104526
2017;9,20;Chupinguaia;1100924
2017;6,16;Bujaru;1501907
2017;1,10;Vila Nova dos Martírios;2112852
2017;1,87;Cabixi;1100031
2017;0,69;Santa Isabel do Rio Negro;1303601
2017;6,22;Rio Maria;1506161
2017;1,59;Careiro;1301100
2017;1,78;Colorado do Oeste;1100064
2017;3,61;São Luiz;1400605
2017;0,44;Tangará da Serra;5107958
2017;19,61;Novo Mundo;5106265
2017;8,36;Água Azul do Norte;1500347
2017;0,25;Igarapé do Meio;2105153
2017;3,64;São Sebastião do Uatumã;1303957
2017;5,63;Itanhangá;5104542
2017;45,90;União do Sul;5108303
2017;14,86;Tarauacá;1200609
2017;0,73;Itaipava do Grajaú;2105351
2017;6,39;Assis Brasil;1200054
2017;1,97;Belterra;1501451
2017;0,25;Santo Antônio do Tauá;1507003
2017;1,29;Presidente Juscelino;2109205
2017;2,34;Rio Preto da Eva;1303569
2017;0,15;Limoeiro do Ajuru;1504000
2017;0,95;Novo Horizonte do Oeste;1100502
2017;2,24;Lagoa da Confusão;1711902
2017;39,70;Peixoto de Azevedo;5106422
2017;14,41;Rondolândia;5107578
2017;0,41;Arapoema;1702307
2017;53,00;Alto Paraíso;1100403
2017;0,52;Bacabeira;2101251
2017;8,02;Cacoal;1100049
2017;0,21;Conquista D'Oeste;5103361
2017;0,07;Serra do Navio;1600055
2017;20,59;Maués;1302900
2017;0,22;Capinzal do Norte;2102754
2017;16,63;Santa Cruz do Xingu;5107743
2017;0,64;Nova Brasilândia;5106208
2017;12,47;Nova Canaã do Norte;5106216
2017;0,91;Castanhal;1502400
2017;5,18;Serra Nova Dourada;5107883
2017;2,02;São José do Xingu;5107354
2017;7,85;Tonantins;1304237
2017;4,71;Governador Luiz Rocha;2104628
2017;1,15;Caapiranga;1300839
2017;4,13;Nova Marilândia;5108857
2017;0,21;Benevides;1501501
2017;1,21;Ji-Paraná;1100122
2017;0,34;Itaguatins;1710706
2017;7,32;Guarantã do Norte;5104104
2017;4,68;Senador Guiomard;1200450
2017;12,42;Buriticupu;2102325
2017;38,38;Cumaru do Norte;1502764
2017;0,12;Aguiarnópolis;1700301
2017;5,88;Curuá;1502855
2017;0,17;Colares;1502608
2017;1,42;Bagre;1501105
2017;2,52;Manacapuru;1302504
2017;3,31;Barreirinha;1300508
2017;27,73;Brasil Novo;1501725
2017;3,02;Porto Grande;1600535
2017;8,44;Matupá;5105606
2017;1,56;Oiapoque;1600501
2017;0,07;Angico;1701051
2017;4,26;Tapauá;1304104
2017;6,34;Alto Boa Vista;5100359
2017;1,67;São Miguel do Guamá;1507607
2017;1,10;Lucas do Rio Verde;5105259
2017;1,86;Aragominas;1701309
2017;0,15;Abreulândia;1700251
2017;2,33;Turiaçu;2112407
2017;1,33;Joselândia;2105609
2017;1,65;Pinheiro;2108603
2017;0,65;Canabrava do Norte;5102694
2017;13,85;Itapuã do Oeste;1101104
2017;0,38;Bernardo do Mearim;2101939
2017;1,52;Parauapebas;1505536
2017;87,90;Placas;1505650
2017;1,66;Curionópolis;1502772
2017;0,01;Teixeirópolis;1101559
2017;2,12;Codó;2103307
2017;9,42;Tuntum;2112308
2017;0,67;Vitória do Mearim;2112902
2017;14,79;Nova Lacerda;5106182
2017;8,71;Porto Acre;1200807
2017;18,42;Itaúba;5104559
2017;66,95;Buritis;1100452
2017;0,13;Cutias;1600212
2017;25,65;Costa Marques;1100080
2017;0,48;Brejo de Areia;2102150
2017;8,28;Cáceres;5102504
2017;2,21;Parintins;1303403
2017;7,13;Tucuruí;1508100
2017;9,25;Alto Alegre dos Parecis;1100379
2017;0,16;Imperatriz;2105302
2017;13,77;Tailândia;1507953
2017;5,55;Epitaciolândia;1200252
2017;0,48;Pau D'Arco;1505551
2017;0,24;Anori;1300102
2017;1,45;Pedra Branca do Amapari;1600154
2017;236,65;São Félix do Xingu;1507300
2017;13,23;Ourilândia do Norte;1505437
2017;2,25;Santa Rita;2110203
2017;0,27;Belém;1501402
2017;48,30;Gaúcha do Norte;5103858
2017;23,10;Brasiléia;1200104
2017;0,24;Campo Novo do Parecis;5102637
2017;1,49;Mazagão;1600402
2017;0,63;Presidente Médici;1100254
2017;0,50;Primavera de Rondônia;1101476
2017;0,15;Couto Magalhães;1706001
2017;2,56;Uarini;1304260
2017;0,06;Araguanã;2100873
2017;1,12;Mirassol d'Oeste;5105622
2017;0,65;Macapá;1600303
2017;0,35;Santa Luzia do Pará;1506559
2017;0,95;Irituia;1503507
2017;1,10;Vitória do Jari;1600808
2017;5,30;Rodrigues Alves;1200427
2017;19,04;Autazes;1300300
2017;5,47;Bannach;1501253
2017;3,52;Colíder;5103205
2017;0,79;São João da Ponta;1507466
2017;20,66;Ariquemes;1100023
2017;7,26;Sinop;5107909
2017;4,17;Vera;5108501
2017;1,81;Nhamundá;1303007
2017;126,57;Novo Aripuanã;1303304
2017;48,90;Nova Bandeirantes;5106158
2017;3,26;Jatobá;2105450
2017;0,21;Quatipuru;1506112
2017;0,42;Tracuateua;1508035
2017;0,34;Timbiras;2112100
2017;0,17;Viana;2112803
2017;15,38;Ulianópolis;1508126
2017;0,67;Jauru;5105002
2017;0,61;Nova Timboteua;1505007
2017;19,26;Mojuí dos Campos;1504752
2017;26,46;Confresa;5103353
2017;1,71;Bonfim;1400159
2017;0,97;Anamã;1300086
2017;2,02;Iranduba;1301852
2017;3,22;Nova Brasilândia D'Oeste;1100148
2017;33,78;Ouro Preto do Oeste;1100155
2017;9,45;Cruzeiro do Sul;1200203
2017;5,63;Dom Eliseu;1502939
2017;1,18;Abaetetuba;1500107
2017;0,34;Redenção;1506138
2017;0,36;São Luís;2111300
2017;6,94;Diamantino;5103502
2017;0,33;Campos de Júlio;5102686
2017;0,41;Santa Luzia do Paruá;2110039
2017;0,60;Ourém;1505403
2017;0,26;Peritoró;2108454
2017;1,53;Novo Airão;1303205
2017;31,61;Cláudia;5103056
2017;3,27;Nova Olinda do Norte;1303106
2017;2,11;Buritirana;2102358
2017;9,78;Cantá;1400175
2017;0,08;Presidente Kennedy;1718402
2017;0,48;Pirapemas;2108801
2017;0,36;Lima Campos;2106003
2017;6,72;São Félix do Araguaia;5107859
2017;0,34;Magalhães Barata;1504109
2017;0,95;Maraã;1302801
2017;1,40;Canaã dos Carajás;1502152
2017;1,71;Maracaçumé;2106326
2017;5,77;Fortuna;2104206
2017;0,62;Igarapé-Açu;1503200
2017;0,17;Pedro Afonso;1716505
2017;1,67;Cerejeiras;1100056
2017;28,12;Canutama;1300904
2017;7,50;Oeiras do Pará;1505205
2017;3,24;Araguatins;1702208
2017;0,15;Luciara;5105309
2017;0,60;Juruá;1302207
2017;11,44;São Domingos do Capim;1507201
2017;17,58;Manoel Urbano;1200344
2017;0,16;Caseara;1703909
2017;30,65;Aveiro;1501006
2017;2,49;Jordão;1200328
2017;0,38;Santa Rita do Trivelato;5107768
2017;0,63;São José dos Basílios;2111250
2017;0,69;São João de Pirabas;1507474
2017;0,08;Glória D'Oeste;5103957
2017;4,23;Parecis;1101450
2017;0,64;Zé Doca;2114007
2017;2,41;Tartarugalzinho;1600709
2017;26,98;Campo Novo de Rondônia;1100700
2017;4,18;Guajará-Mirim;1100106
2017;5,02;Vale do Paraíso;1101807
2017;15,42;Caroebe;1400233
2017;17,99;Monte Negro;1101401
2017;7,72;Castanheira;5102850
2017;9,85;Barra do Corda;2101608
2017;0,39;Rosário;2109601
2016;16,20;Alenquer;1500404
2016;2,10;Senador Alexandre Costa;2111748
2016;0,00;Lagoa do Tocantins;1711951
2016;0,00;Central do Maranhão;2103125
2016;0,00;Santo Antônio do Tauá;1507003
2016;0,00;Filadélfia;1707702
2016;0,00;Carolina;2102804
2016;0,00;Olho d'Água das Cunhãs;2107407
2016;0,00;Benedito Leite;2101806
2016;0,00;Cristalândia;1706100
2016;0,00;Araguainha;5101209
2016;0,00;Fátima;1707553
2016;0,00;Riachão;2109502
2016;0,00;São Roberto;2111672
2016;0,00;Ponte Alta do Tocantins;1717909
2016;0,00;Muaná;1504901
2016;0,00;Sucupira do Norte;2111904
2016;0,00;São Pedro da Cipa;5107404
2016;0,00;Taipas do Tocantins;1720937
2016;0,00;Arenápolis;5101308
2016;0,00;Esperantinópolis;2104008
2016;0,00;Anamã;1300086
2016;0,00;Magalhães Barata;1504109
2016;0,00;Nossa Senhora do Livramento;5106109
2016;0,00;Pontal do Araguaia;5106653
2016;0,00;Buriti do Tocantins;1703800
2016;0,00;Bacuri;2101301
2016;0,00;Alto Taquari;5100607
2016;0,00;Santo Antônio do Leste;5107792
2016;0,00;Augustinópolis;1702554
2016;0,00;São Salvador do Tocantins;1720259
2016;0,00;Conquista D'Oeste;5103361
2016;0,00;Palmeirante;1715705
2016;0,00;Vitorino Freire;2113009
2016;0,00;Tracuateua;1508035
2016;0,00;São Sebastião do Tocantins;1720309
2016;0,00;Porto Alegre do Tocantins;1718006
2016;0,00;Itiquira;5104609
2016;0,00;Pugmil;1718451
2016;0,00;Governador Nunes Freire;2104677
2016;0,00;Lago dos Rodrigues;2105948
2016;0,00;Carrasco Bonito;1703891
2016;0,00;Rosário Oeste;5107701
2016;0,00;Palmas;1721000
2016;0,00;Paranã;1716208
2016;0,00;Tupirama;1721257
2016;0,00;Porto Rico do Maranhão;2109056
2016;0,00;Passagem Franca;2107902
2016;0,00;Itapiranga;1302009
2016;0,00;Barra do Ouro;1703073
2016;0,00;Cajapió;2102408
2016;0,00;São Domingos do Azeitão;2110658
2016;0,00;Bela Vista do Maranhão;2101772
2016;0,00;Maranhãozinho;2106375
2016;0,00;Tocantínia;1721109
2016;0,00;São José de Ribamar;2111201
2016;0,00;Chaves;1502509
2016;0,00;Alvorada;1700707
2016;0,00;Talismã;1720978
2016;0,00;Gurupi;1709500
2016;0,00;Raposa;2109452
2016;0,00;Sucupira;1720853
2016;0,00;Torixoréu;5108204
2016;0,00;Mirinzal;2106805
2016;0,00;Natividade;1714203
2016;0,00;Conceição do Lago-Açu;2103554
2016;0,00;Guiratinga;5104203
2016;0,00;Darcinópolis;1706506
2016;0,00;Goiatins;1709005
2016;0,00;Alto Garças;5100409
2016;0,00;Santa Rosa do Tocantins;1718907
2016;0,00;Lago da Pedra;2105708
2016;0,00;Santa Luzia do Paruá;2110039
2016;0,00;Pedra Preta;5106372
2016;0,00;Bragança;1501709
2016;0,00;Rio Branco;5107206
2016;0,00;Igarapé Grande;2105203
2016;0,00;Guimarães;2104909
2016;0,00;Primavera do Leste;5107040
2016;0,00;Jaú do Tocantins;1711506
2016;0,00;Ponte Alta do Bom Jesus;1717800
2016;0,00;Barra do Garças;5101803
2016;0,00;Recursolândia;1718501
2016;0,00;Cachoeira Grande;2102374
2016;0,00;Axixá do Tocantins;1702901
2016;0,00;Santa Cruz do Arari;1506401
2016;0,00;Cuiabá;5103403
2016;0,00;Augusto Corrêa;1500909
2016;0,00;Nova Rosalândia;1715002
2016;0,00;Trizidela do Vale;2112233
2016;0,00;Araguanã;1702158
2016;0,00;São Vicente Ferrer;2111706
2016;0,00;Arraias;1702406
2016;0,00;Olinda Nova do Maranhão;2107456
2016;0,00;Acorizal;5100102
2016;0,00;Angico;1701051
2016;0,00;Primavera de Rondônia;1101476
2016;0,00;Afuá;1500305
2016;0,00;Bom Lugar;2102077
2016;0,00;São Mateus do Maranhão;2111508
2016;0,00;Serrano do Maranhão;2111789
2016;0,00;Barrolândia;1703107
2016;0,00;Campos Lindos;1703842
2016;0,00;Araputanga;5101258
2016;0,00;Dianópolis;1707009
2016;0,00;General Carneiro;5103908
2016;0,00;Rio Sono;1718758
2016;0,00;São Félix de Balsas;2110807
2016;0,00;Cariri do Tocantins;1703867
2016;0,00;Campinápolis;5102603
2016;0,00;Novo Acordo;1715101
2016;0,00;Soure;1507904
2016;0,00;Tabocão;1708254
2016;0,00;Bacabal;2101202
2016;0,00;Luzinópolis;1712454
2016;0,00;Luís Domingues;2106201
2016;0,00;Brasilândia do Tocantins;1703602
2016;0,00;São Bento;2110500
2016;0,00;Paraíso do Tocantins;1716109
2016;0,00;Santa Maria do Tocantins;1718881
2016;0,00;Lajeado;1712009
2016;0,00;Jaciara;5104807
2016;0,00;Aurora do Tocantins;1702703
2016;0,00;Brejinho de Nazaré;1703701
2016;0,00;Silvanópolis;1720655
2016;0,00;Chapada da Natividade;1705102
2016;0,00;Porto Nacional;1718204
2016;0,00;Lavandeira;1712157
2016;0,00;Rio dos Bois;1718709
2016;0,00;Altamira do Maranhão;2100402
2016;0,00;Poconé;5106505
2016;0,00;Santa Luzia do Pará;1506559
2016;0,00;Ipueiras;1709807
2016;0,00;Crixás do Tocantins;1706258
2016;0,00;Apicum-Açu;2100832
2016;0,00;Presidente Médici;2109239
2016;0,00;Ponte Branca;5106703
2016;0,00;Santa Tereza do Tocantins;1719004
2016;0,00;Paraibano;2107704
2016;0,00;Curvelândia;5103437
2016;0,00;Lago Verde;2105906
2016;0,00;Cedral;2103109
2016;0,00;Indiavaí;5104500
2016;0,00;Babaçulândia;1703008
2016;0,00;Pindorama do Tocantins;1717008
2016;0,00;Palmeirândia;2107605
2016;0,00;Alto Araguaia;5100300
2016;0,00;Pio XII;2108702
2016;0,00;Rio da Conceição;1718659
2016;0,00;Ponta de Pedras;1505700
2016;0,00;Pastos Bons;2108009
2016;0,00;São Pedro dos Crentes;2111573
2016;0,00;Araguanã;2100873
2016;0,00;Governador Edison Lobão;2104552
2016;0,00;Colinas do Tocantins;1705508
2016;0,00;Fortaleza dos Nogueiras;2104107
2016;0,00;Alcântara;2100204
2016;0,00;Araguaçu;1702000
2016;0,00;Sandolândia;1718840
2016;0,00;Aparecida do Rio Negro;1701101
2016;0,00;Tupiratins;1721307
2016;0,00;Aliança do Tocantins;1700350
2016;0,00;Estreito;2104057
2016;0,00;São Félix do Tocantins;1720150
2016;0,00;Normandia;1400407
2016;0,00;Ribeirãozinho;5107198
2016;0,00;Balsas;2101400
2016;0,00;Novo Jardim;1715259
2016;0,00;Novo Alegre;1715150
2016;0,00;Figueirópolis D'Oeste;5103809
2016;0,00;Tufilândia;2112274
2016;0,00;Vargem Grande;2112704
2016;0,00;Figueirópolis;1707652
2016;0,00;Miracema do Tocantins;1713205
2016;0,00;Tasso Fragoso;2112001
2016;0,00;Várzea Grande;5108402
2016;0,00;Monte do Carmo;1713601
2016;0,00;Santa Inês;2109908
2016;0,00;Tesouro;5108105
2016;0,00;Marituba;1504422
2016;0,00;Ananindeua;1500800
2016;0,00;Sítio Novo;2111805
2016;0,00;Planalto da Serra;5106455
2016;0,00;Conceição do Tocantins;1705607
2016;0,00;Carmolândia;1703883
2016;0,00;Alto Parnaíba;2100501
2016;0,00;Poção de Pedras;2108900
2016;0,00;São João Batista;2111003
2016;0,00;São José do Povo;5107297
2016;0,00;Nova Iorque;2107308
2016;0,00;Benevides;1501501
2016;0,00;Peixe;1716604
2016;0,00;Jangada;5104906
2016;0,00;São Raimundo das Mangabeiras;2111607
2016;0,00;Pedreiras;2108207
2016;0,00;Bandeirantes do Tocantins;1703057
2016;0,00;Mirador;2106706
2016;0,00;Mateiros;1712702
2016;0,00;Nova Colinas;2107258
2016;0,00;Glória D'Oeste;5103957
2016;0,00;Satubinha;2111722
2016;0,00;Oliveira de Fátima;1715507
2016;0,00;Pindaré-Mirim;2108504
2016;0,00;Cururupu;2103703
2016;0,00;Itapiratins;1710904
2016;0,00;Novo São Joaquim;5106281
2016;0,00;Itacajá;1710508
2016;0,00;Peri Mirim;2108405
2016;0,00;Almas;1700400
2016;0,00;Loreto;2106102
2016;0,00;Dom Aquino;5103601
2016;0,00;Palmeirópolis;1715754
2016;0,00;São João do Soter;2111078
2016;0,00;Sambaíba;2109700
2016;0,00;Lizarda;1712405
2016;0,00;Taguatinga;1720903
2016;0,00;Bacurituba;2101350
2016;0,00;Centenário;1704105
2016;0,00;Morros;2107100
2016;0,00;Bequimão;2101905
2016;0,00;Feira Nova do Maranhão;2104073
2016;0,00;Lago do Junco;2105807
2016;0,00;Combinado;1705557
2016;0,00;São Valério;1720499
2016;0,00;Maurilândia do Tocantins;1712801
2016;3,95;Alvarães;1300029
2016;4,35;Theobroma;1101609
2016;0,14;Santarém Novo;1506906
2016;9,16;Cachoeira do Piriá;1501956
2016;0,10;Capanema;1502202
2016;0,83;Santa Izabel do Pará;1506500
2016;0,77;Buriti Bravo;2102309
2016;0,06;Boa Vista;1400100
2016;85,49;Anapu;1500859
2016;8,48;Pimenteiras do Oeste;1101468
2016;0,46;Santa Luzia D'Oeste;1100296
2016;0,41;Cametá;1502103
2016;1,63;Itapecuru Mirim;2105401
2016;1,80;Araguaína;1702109
2016;20,85;Comodoro;5103304
2016;0,08;Salto do Céu;5107750
2016;38,12;Caracaraí;1400209
2016;7,21;Acará;1500206
2016;0,30;Godofredo Viana;2104305
2016;1,28;Wanderlândia;1722081
2016;25,30;Rorainópolis;1400472
2016;0,68;Arari;2101004
2016;7,04;Amarante do Maranhão;2100600
2016;6,00;Terra Nova do Norte;5108055
2016;68,17;Senador José Porfírio;1507805
2016;21,42;Iracema;1400282
2016;1,74;Presidente Dutra;2109106
2016;1,47;Fonte Boa;1301605
2016;2,58;São Domingos do Araguaia;1507151
2016;21,62;Santa Terezinha;5107776
2016;18,50;Santa Maria das Barreiras;1506583
2016;0,47;Monção;2106904
2016;0,08;Cachoeira do Arari;1502004
2016;1,72;Eirunepé;1301407
2016;0,00;Itaubal;1600253
2016;8,02;Bom Jesus do Tocantins;1501576
2016;4,30;Porto Walter;1200393
2016;1,66;Barão de Melgaço;5101605
2016;11,92;Bom Jesus das Selvas;2102036
2016;6,32;Ribamar Fiquene;2109551
2016;0,34;Terra Alta;1507961
2016;0,37;Amapá do Maranhão;2100550
2016;0,09;Vale de São Domingos;5108352
2016;1,80;Alvorada D'Oeste;1100346
2016;1,38;Silves;1304005
2016;1,11;João Lisboa;2105500
2016;23,49;Monte Alegre;1504802
2016;0,88;Sorriso;5107925
2016;0,36;Nazaré;1714302
2016;11,30;Ipixuna do Pará;1503457
2016;1,73;Corumbiara;1100072
2016;24,46;Alto Alegre;1400050
2016;0,30;Riachinho;1718550
2016;17,29;Bujari;1200138
2016;3,06;São Geraldo do Araguaia;1507458
2016;0,19;Alto Alegre do Pindaré;2100477
2016;5,26;Governador Eugênio Barros;2104602
2016;11,69;Oriximiná;1505304
2016;11,96;Arame;2100956
2016;0,63;Nova Olinda do Maranhão;2107357
2016;18,14;Apiacás;5100805
2016;8,74;Alta Floresta;5100250
2016;23,60;Nova Maringá;5108907
2016;0,73;Laranjal do Jari;1600279
2016;0,53;Peixe-Boi;1505601
2016;223,11;Colniza;5103254
2016;20,35;Santa Carmem;5107248
2016;8,14;São José do Rio Claro;5107305
2016;8,10;Dueré;1707306
2016;0,51;Marapanim;1504406
2016;0,20;Guaraí;1709302
2016;1,44;Fernando Falcão;2104081
2016;85,98;Manicoré;1302702
2016;0,29;Cândido Mendes;2102606
2016;0,86;Nova Olímpia;5106232
2016;0,99;Manaquiri;1302553
2016;0,18;Tocantinópolis;1721208
2016;0,24;Pracuúba;1600550
2016;5,11;Santa Luzia;2110005
2016;2,18;Viseu;1508308
2016;8,63;Porto dos Gaúchos;5106802
2016;0,23;Benjamin Constant;1300607
2016;0,25;Santa Maria do Pará;1506609
2016;9,03;Grajaú;2104800
2016;51,46;Juína;5105150
2016;97,50;Candeias do Jamari;1100809
2016;4,32;Governador Jorge Teixeira;1101005
2016;2,15;Jacundá;1503804
2016;92,73;Machadinho D'Oeste;1100130
2016;2,10;Santa Rosa do Purus;1200435
2016;0,67;Goianorte;1708304
2016;0,80;Santa Helena;2109809
2016;2,54;Marechal Thaumaturgo;1200351
2016;0,30;Urucará;1304302
2016;0,60;Melgaço;1504505
2016;0,19;Araguaiana;5101001
2016;10,19;Pimenta Bueno;1100189
2016;6,60;São João do Araguaia;1507508
2016;0,22;São Raimundo do Doca Bezerra;2111631
2016;1,68;Nova Guarita;5108808
2016;3,98;Juruti;1503903
2016;4,76;Ipixuna;1301803
2016;0,84;Nova União;1101435
2016;1,66;Jaru;1100114
2016;0,17;Chapada de Areia;1704600
2016;0,14;Pacaraima;1400456
2016;3,13;Floresta do Araguaia;1503044
2016;6,78;Conceição do Araguaia;1502707
2016;0,19;Formosa da Serra Negra;2104099
2016;23,51;Nova Ubiratã;5106240
2016;1,62;Jutaí;1302306
2016;0,08;Denise;5103452
2016;0,08;Alto Paraguai;5100508
2016;0,24;Campo Verde;5102678
2016;7,33;Marianópolis do Tocantins;1712504
2016;2,04;Itaporã do Tocantins;1711100
2016;0,47;Colméia;1716703
2016;7,40;Tapurah;5108006
2016;0,15;Sapezal;5107875
2016;1,90;Colinas;2103505
2016;0,98;Curralinho;1502806
2016;7,36;Açailândia;2100055
2016;0,23;Amaturá;1300060
2016;0,19;São Bento do Tocantins;1720101
2016;4,49;Nova Ipixuna;1504976
2016;5,58;Pauini;1303502
2016;15,57;Alta Floresta D'Oeste;1100015
2016;26,43;Rondon do Pará;1506187
2016;2,84;Tucumã;1508084
2016;6,22;São João da Baliza;1400506
2016;0,22;Paulo Ramos;2108108
2016;0,45;Boa Vista do Ramos;1300680
2016;17,49;São Miguel do Guaporé;1100320
2016;8,24;Careiro da Várzea;1301159
2016;129,63;Itaituba;1503606
2016;1,67;São Gabriel da Cachoeira;1303809
2016;38,64;Juara;5105101
2016;0,31;São Francisco do Pará;1507409
2016;0,07;Rosário;2109601
2016;1,93;Porto Franco;2109007
2016;6,87;Santarém;1506807
2016;4,70;Novo Santo Antônio;5106315
2016;0,21;Salinópolis;1506203
2016;0,31;São Francisco do Brejão;2110856
2016;4,93;Castanheiras;1100908
2016;0,87;Faro;1503002
2016;0,97;Curuçá;1502905
2016;0,07;Inhangapi;1503408
2016;19,91;Santana do Araguaia;1506708
2016;11,18;Juruena;5105176
2016;0,70;Barcarena;1501303
2016;0,96;Novo Horizonte do Norte;5106273
2016;0,18;Xinguara;1508407
2016;0,26;Carutapera;2102903
2016;7,28;Tomé-Açu;1508001
2016;0,50;Montes Altos;2107001
2016;17,52;Humaitá;1301704
2016;3,04;Terra Santa;1507979
2016;1,51;Aurora do Pará;1500958
2016;27,83;Rurópolis;1506195
2016;1,03;Atalaia do Norte;1300201
2016;3,26;Coari;1301209
2016;0,59;Água Boa;5100201
2016;8,10;Tefé;1304203
2016;0,25;Santana;1600600
2016;30,28;Moju;1504703
2016;10,65;Vitória do Xingu;1508357
2016;63,80;Uruará;1508159
2016;5,76;Guajará;1301654
2016;0,50;Praia Norte;1718303
2016;14,97;Almeirim;1500503
2016;0,70;Pequizeiro;1716653
2016;18,18;Itinga do Maranhão;2105427
2016;7,38;Seringueiras;1101500
2016;0,68;Bujaru;1501907
2016;0,21;Vila Nova dos Martírios;2112852
2016;6,85;Cabixi;1100031
2016;7,34;Rio Maria;1506161
2016;1,48;Careiro;1301100
2016;1,19;Colorado do Oeste;1100064
2016;6,79;São Luiz;1400605
2016;0,85;Tangará da Serra;5107958
2016;9,05;Água Azul do Norte;1500347
2016;0,08;Igarapé do Meio;2105153
2016;0,79;São Sebastião do Uatumã;1303957
2016;5,34;Itanhangá;5104542
2016;13,43;Tarauacá;1200609
2016;2,89;Assis Brasil;1200054
2016;4,52;Belterra;1501451
2016;3,95;Rio Preto da Eva;1303569
2016;1,30;Novo Horizonte do Oeste;1100502
2016;36,16;Peixoto de Azevedo;5106422
2016;46,96;Alto Paraíso;1100403
2016;0,26;Bacabeira;2101251
2016;0,32;Capinzal do Norte;2102754
2016;16,72;Santa Cruz do Xingu;5107743
2016;0,15;Nova Brasilândia;5106208
2016;9,74;Nova Canaã do Norte;5106216
2016;2,67;Dois Irmãos do Tocantins;1707207
2016;1,36;São José do Xingu;5107354
2016;2,84;Governador Luiz Rocha;2104628
2016;0,70;Caapiranga;1300839
2016;0,23;Nova Marilândia;5108857
2016;0,47;Itaguatins;1710706
2016;14,71;Guarantã do Norte;5104104
2016;9,11;Senador Guiomard;1200450
2016;32,64;Cumaru do Norte;1502764
2016;5,64;Curuá;1502855
2016;1,75;Bagre;1501105
2016;1,73;Barreirinha;1300508
2016;0,80;Porto Grande;1600535
2016;17,63;Matupá;5105606
2016;1,05;Alto Boa Vista;5100359
2016;1,21;São Miguel do Guamá;1507607
2016;1,00;Turiaçu;2112407
2016;2,60;Canabrava do Norte;5102694
2016;16,14;Itapuã do Oeste;1101104
2016;0,12;Bernardo do Mearim;2101939
2016;5,90;Parauapebas;1505536
2016;67,65;Placas;1505650
2016;0,46;Curionópolis;1502772
2016;7,69;Tuntum;2112308
2016;0,23;Vitória do Mearim;2112902
2016;0,55;Brejo de Areia;2102150
2016;1,16;Parintins;1303403
2016;0,56;Pau D'Arco;1505551
2016;0,35;Anori;1300102
2016;1,40;Pedra Branca do Amapari;1600154
2016;314,95;São Félix do Xingu;1507300
2016;2,07;Santa Rita;2110203
2016;0,28;Belém;1501402
2016;58,08;Gaúcha do Norte;5103858
2016;1,30;Mazagão;1600402
2016;0,65;Presidente Médici;1100254
2016;1,10;Mirassol d'Oeste;5105622
2016;4,79;Rodrigues Alves;1200427
2016;6,27;Autazes;1300300
2016;10,90;Bannach;1501253
2016;0,06;Nova Olinda;1714880
2016;0,37;São João da Ponta;1507466
2016;81,90;Nova Bandeirantes;5106158
2016;1,80;Jatobá;2105450
2016;0,07;Viana;2112803
2016;0,18;Bernardo Sayão;1703206
2016;10,16;Mojuí dos Campos;1504752
2016;18,31;Confresa;5103353
2016;1,64;Iranduba;1301852
2016;2,15;Nova Brasilândia D'Oeste;1100148
2016;0,07;Chapada dos Guimarães;5103007
2016;0,20;Ananás;1701002
2016;8,35;Ouro Preto do Oeste;1100155
2016;0,39;Abaetetuba;1500107
2016;0,63;Redenção;1506138
2016;0,62;São Luís;2111300
2016;3,45;Diamantino;5103502
2016;1,16;Campos de Júlio;5102686
2016;0,99;Peritoró;2108454
2016;0,89;Novo Airão;1303205
2016;3,75;Nova Olinda do Norte;1303106
2016;2,75;Buritirana;2102358
2016;22,82;Cantá;1400175
2016;0,54;Presidente Kennedy;1718402
2016;0,15;Pirapemas;2108801
2016;6,39;São Félix do Araguaia;5107859
2016;1,72;Maraã;1302801
2016;2,06;Canaã dos Carajás;1502152
2016;0,14;Maracaçumé;2106326
2016;5,46;Fortuna;2104206
2016;6,33;Cerejeiras;1100056
2016;0,08;Juscimeira;5105200
2016;0,22;Luciara;5105309
2016;26,92;Manoel Urbano;1200344
2016;1,08;São João de Pirabas;1507474
2016;7,42;Parecis;1101450
2016;1,10;Tartarugalzinho;1600709
2016;33,14;Campo Novo de Rondônia;1100700
2016;13,02;Guajará-Mirim;1100106
2016;22,80;Monte Negro;1101401
2016;2,52;Coroatá;2103604
2016;8,97;Amajari;1400027
2016;0,78;Lagoa Grande do Maranhão;2105963
2016;7,86;Plácido de Castro;1200385
2016;6,34;São Domingos do Maranhão;2110708
2016;4,10;Araguacema;1701903
2016;83,51;Aripuanã;5101407
2016;0,50;Abel Figueiredo;1500131
2016;0,20;Pium;1717503
2016;7,26;São Francisco do Guaporé;1101492
2016;0,17;Nortelândia;5106000
2016;0,46;Esperantina;1707405
2016;0,41;Piraquê;1717206
2016;0,00;Matinha;2106508
2016;56,02;Sena Madureira;1200500
2016;87,57;Itupiranga;1503705
2016;79,30;Feliz Natal;5103700
2016;0,44;Formoso do Araguaia;1708205
2016;47,03;Prainha;1506005
2016;0,38;Anajás;1500701
2016;1,06;Capitão Poço;1502301
2016;2,84;Mirante da Serra;1101302
2016;0,58;Itamarati;1301951
2016;23,81;Acrelândia;1200013
2016;50,74;Cotriguaçu;5103379
2016;0,20;São João do Carú;2111029
2016;3,16;Piçarra;1505635
2016;2,69;Dom Pedro;2103802
2016;1,56;Borba;1300805
2016;0,50;Poxoréu;5107008
2016;3,60;Nova Mutum;5106224
2016;1,59;São Paulo de Olivença;1303908
2016;38,63;Feijó;1200302
2016;88,42;Boca do Acre;1300706
2016;0,17;Sítio Novo do Tocantins;1720804
2016;18,45;Nova Monte Verde;5108956
2016;1,15;Santa Rita do Tocantins;1718899
2016;4,77;Centro Novo do Maranhão;2103174
2016;0,64;Maracanã;1504307
2016;9,22;Rio Crespo;1100262
2016;0,42;Presidente Vargas;2109304
2016;0,08;Santa Bárbara do Pará;1506351
2016;4,36;Cocalinho;5103106
2016;4,37;Envira;1301506
2016;1,03;Graça Aranha;2104701
2016;20,86;Porto de Moz;1505908
2016;0,96;Ferreira Gomes;1600238
2016;1,07;Santo Antônio do Leverger;5107800
2016;1,20;Miranda do Norte;2106755
2016;2,33;Palestina do Pará;1505494
2016;2,56;Espigão D'Oeste;1100098
2016;7,97;Medicilândia;1504455
2016;1,12;Santo Antônio dos Lopes;2110302
2016;1,98;Santo Afonso;5107263
2016;0,97;Santo Antônio do Içá;1303700
2016;0,75;Cidelândia;2103257
2016;2,30;Brejo Grande do Araguaia;1501758
2016;178,44;Portel;1505809
2016;0,25;Salvaterra;1506302
2016;0,14;Primavera;1506104
2016;52,38;Rio Branco;1200401
2016;16,65;Capixaba;1200179
2016;1,81;Tabatinga;1304062
2016;10,18;Óbidos;1505106
2016;0,21;Junco do Maranhão;2105658
2016;0,62;Boa Vista do Gurupi;2101970
2016;1,16;Carauari;1301001
2016;1,00;Reserva do Cabaçal;5107156
2016;0,06;Nova Xavantina;5106257
2016;0,99;Garrafão do Norte;1503077
2016;0,85;Davinópolis;2103752
2016;14,22;Vila Bela da Santíssima Trindade;5105507
2016;0,24;Japurá;1302108
2016;50,52;Paranaíta;5106299
2016;0,78;São Miguel do Tocantins;1720200
2016;9,75;Tabaporã;5107941
2016;0,33;Rolim de Moura;1100288
2016;1,76;Turilândia;2112456
2016;0,14;Monte Santo do Tocantins;1713700
2016;0,14;Amapá;1600105
2016;0,32;São João do Paraíso;2111052
2016;6,34;Cacaulândia;1100601
2016;0,12;São José dos Quatro Marcos;5107107
2016;0,07;Alto Alegre do Maranhão;2100436
2016;0,09;Divinópolis do Tocantins;1707108
2016;1,31;São Caetano de Odivelas;1507102
2016;5,06;Carlinda;5102793
2016;0,94;Pau D'Arco;1716307
2016;2,37;Pontes e Lacerda;5106752
2016;21,50;Querência;5107065
2016;0,24;Presidente Sarney;2109270
2016;0,15;Juarina;1711803
2016;0,08;São Luís Gonzaga do Maranhão;2111409
2016;0,20;Paço do Lumiar;2107506
2016;0,82;Santa Fé do Araguaia;1718865
2016;13,74;Vilhena;1100304
2016;0,20;Palmeiras do Tocantins;1713809
2016;161,35;Apuí;1300144
2016;7,93;Itacoatiara;1301902
2016;19,56;Vale do Anari;1101757
2016;1,89;Ribeirão Cascalheira;5107180
2016;0,24;Santa Filomena do Maranhão;2109759
2016;6,41;Presidente Figueiredo;1303536
2016;0,32;Cachoeirinha;1703826
2016;45,24;Mucajaí;1400308
2016;224,92;Novo Repartimento;1505064
2016;1,94;Senador La Rocque;2111763
2016;0,07;Uiramutã;1400704
2016;5,12;Governador Archer;2104503
2016;0,51;Cantanhede;2102705
2016;0,57;Calçoene;1600204
2016;0,58;São Pedro da Água Branca;2111532
2016;310,24;Lábrea;1302405
2016;1,00;Barcelos;1300409
2016;1,04;Matões do Norte;2106631
2016;0,76;Bonito;1501600
2016;0,77;Porto Esperidião;5106828
2016;1,39;Lambari D'Oeste;5105234
2016;140,54;Pacajá;1505486
2016;48,79;Jacareacanga;1503754
2016;1,07;Codajás;1301308
2016;31,37;Bom Jardim;2102002
2016;84,77;Cujubim;1100940
2016;6,07;Marajá do Sena;2106359
2016;5,64;Baião;1501204
2016;32,68;Xapuri;1200708
2016;55,23;Marcelândia;5105580
2016;0,07;Nova Nazaré;5106174
2016;2,15;Beruri;1300631
2016;0,08;Urucurituba;1304401
2016;140,58;Novo Progresso;1505031
2016;0,24;Vigia;1508209
2016;9,20;Breu Branco;1501782
2016;12,84;Paranatinga;5106307
2016;19,90;Paragominas;1505502
2016;1,03;Sapucaia;1507755
2016;144,18;Nova Mamoré;1100338
2016;0,94;Pedro do Rosário;2108256
2016;40,50;Trairão;1508050
2016;0,70;Penalva;2108306
2016;1,25;Gurupá;1503101
2016;11,08;Bom Jesus do Araguaia;5101852
2016;2,19;Nova Santa Helena;5106190
2016;0,24;Concórdia do Pará;1502756
2016;1,38;Rondonópolis;5107602
2016;3,45;Jenipapo dos Vieiras;2105476
2016;0,10;Axixá;2101103
2016;0,08;Lajeado Novo;2105989
2016;0,15;Igarapé-Miri;1503309
2016;0,20;Santa Terezinha do Tocantins;1720002
2016;1,97;Xambioá;1722107
2016;0,28;Campestre do Maranhão;2102556
2016;5,73;Vila Rica;5108600
2016;10,56;Eldorado do Carajás;1502954
2016;0,26;Sampaio;1718808
2016;0,31;Mocajuba;1504604
2016;7,37;Nova Esperança do Piriá;1504950
2016;1,21;Manaus;1302603
2016;0,52;Miranorte;1713304
2016;0,43;Mãe do Rio;1504059
2016;0,67;Canarana;5102702
2016;305,31;Porto Velho;1100205
2016;1,12;Urupá;1101708
2016;0,92;Porto Alegre do Norte;5106778
2016;2,32;Nobres;5105903
2016;20,63;Goianésia do Pará;1503093
2016;408,65;Altamira;1500602
2016;1,25;Cajari;2102507
2016;0,24;Ministro Andreazza;1101203
2016;0,14;São Sebastião da Boa Vista;1507706
2016;0,09;Anajatuba;2100709
2016;6,68;Gonçalves Dias;2104404
2016;99,51;Marabá;1504208
2016;0,08;Icatu;2105104
2016;1,21;Centro do Guilherme;2103158
2016;0,47;Porto Estrela;5106851
2016;26,62;Brasnorte;5101902
2016;2,99;Mâncio Lima;1200336
2016;1,86;Breves;1501808
2016;2,92;Barra do Bugres;5101704
2016;3,81;Ipiranga do Norte;5104526
2016;8,79;Chupinguaia;1100924
2016;0,51;Santa Isabel do Rio Negro;1303601
2016;20,12;Novo Mundo;5106265
2016;24,09;União do Sul;5108303
2016;0,57;Itaipava do Grajaú;2105351
2016;1,03;Presidente Juscelino;2109205
2016;0,18;Limoeiro do Ajuru;1504000
2016;1,44;Lagoa da Confusão;1711902
2016;14,92;Rondolândia;5107578
2016;2,08;Arapoema;1702307
2016;2,70;Cacoal;1100049
2016;0,09;Serra do Navio;1600055
2016;38,38;Maués;1302900
2016;0,84;Castanhal;1502400
2016;2,14;Serra Nova Dourada;5107883
2016;0,27;Tonantins;1304237
2016;2,97;Ji-Paraná;1100122
2016;6,29;Buriticupu;2102325
2016;0,17;Aguiarnópolis;1700301
2016;0,10;Colares;1502608
2016;4,30;Manacapuru;1302504
2016;6,59;Brasil Novo;1501725
2016;0,50;Oiapoque;1600501
2016;2,98;Tapauá;1304104
2016;0,69;Lucas do Rio Verde;5105259
2016;1,32;Aragominas;1701309
2016;2,22;Abreulândia;1700251
2016;0,97;Joselândia;2105609
2016;0,11;Pinheiro;2108603
2016;0,07;Teixeirópolis;1101559
2016;2,23;Codó;2103307
2016;17,51;Nova Lacerda;5106182
2016;15,33;Porto Acre;1200807
2016;19,90;Itaúba;5104559
2016;81,29;Buritis;1100452
2016;1,32;Cutias;1600212
2016;24,74;Costa Marques;1100080
2016;5,87;Cáceres;5102504
2016;9,08;Tucuruí;1508100
2016;5,12;Alto Alegre dos Parecis;1100379
2016;0,16;Imperatriz;2105302
2016;13,71;Tailândia;1507953
2016;7,31;Epitaciolândia;1200252
2016;7,55;Ourilândia do Norte;1505437
2016;17,71;Brasiléia;1200104
2016;0,80;Campo Novo do Parecis;5102637
2016;0,45;Couto Magalhães;1706001
2016;5,14;Uarini;1304260
2016;1,67;Macapá;1600303
2016;1,81;Irituia;1503507
2016;1,33;Vitória do Jari;1600808
2016;2,50;Colíder;5103205
2016;31,39;Ariquemes;1100023
2016;4,93;Sinop;5107909
2016;2,07;Vera;5108501
2016;1,41;Nhamundá;1303007
2016;152,45;Novo Aripuanã;1303304
2016;0,09;Quatipuru;1506112
2016;0,26;Governador Newton Bello;2104651
2016;0,06;Timbiras;2112100
2016;18,10;Ulianópolis;1508126
2016;0,36;Jauru;5105002
2016;0,47;Nova Timboteua;1505007
2016;2,90;Bonfim;1400159
2016;9,26;Cruzeiro do Sul;1200203
2016;7,32;Dom Eliseu;1502939
2016;0,69;Ourém;1505403
2016;13,64;Cláudia;5103056
2016;0,54;Muricilândia;1713957
2016;0,07;Lima Campos;2106003
2016;0,10;Igarapé-Açu;1503200
2016;0,19;Pedro Afonso;1716505
2016;26,38;Canutama;1300904
2016;3,62;Oeiras do Pará;1505205
2016;2,72;Araguatins;1702208
2016;0,85;Juruá;1302207
2016;2,71;São Domingos do Capim;1507201
2016;0,13;Caseara;1703909
2016;13,39;Aveiro;1501006
2016;2,14;Jordão;1200328
2016;1,67;Santa Rita do Trivelato;5107768
2016;0,35;São José dos Basílios;2111250
2016;2,01;Zé Doca;2114007
2016;0,45;Bom Jesus do Tocantins;1703305
2016;3,98;Vale do Paraíso;1101807
2016;25,89;Caroebe;1400233
2016;11,65;Castanheira;5102850
2016;17,59;Barra do Corda;2101608
2016;0,10;São Felipe D'Oeste;1101484
2015;0,00;Esperantina;1707405
2015;0,00;Matinha;2106508
2015;0,00;Itaubal;1600253
2015;0,00;Lagoa do Tocantins;1711951
2015;0,00;Central do Maranhão;2103125
2015;0,00;Filadélfia;1707702
2015;0,00;Carolina;2102804
2015;0,00;Olho d'Água das Cunhãs;2107407
2015;0,00;Benedito Leite;2101806
2015;0,00;Cristalândia;1706100
2015;0,00;Araguainha;5101209
2015;0,00;Fátima;1707553
2015;0,00;Miranorte;1713304
2015;0,00;Santarém Novo;1506906
2015;0,00;Riachão;2109502
2015;0,00;São Roberto;2111672
2015;0,00;Alto Alegre do Maranhão;2100436
2015;0,00;Dois Irmãos do Tocantins;1707207
2015;0,00;Ponte Alta do Tocantins;1717909
2015;0,00;Muaná;1504901
2015;0,00;Sucupira do Norte;2111904
2015;0,00;São Pedro da Cipa;5107404
2015;0,00;Taipas do Tocantins;1720937
2015;0,00;Esperantinópolis;2104008
2015;0,00;Pontal do Araguaia;5106653
2015;0,00;Presidente Sarney;2109270
2015;0,00;Buriti do Tocantins;1703800
2015;0,00;Bacuri;2101301
2015;0,00;Alto Taquari;5100607
2015;0,00;Santo Antônio do Leste;5107792
2015;0,00;São Salvador do Tocantins;1720259
2015;0,00;Palmeirante;1715705
2015;0,00;Vitorino Freire;2113009
2015;0,00;Denise;5103452
2015;0,00;São Sebastião do Tocantins;1720309
2015;0,00;Porto Alegre do Tocantins;1718006
2015;0,00;Itiquira;5104609
2015;0,00;Pugmil;1718451
2015;0,00;Lago dos Rodrigues;2105948
2015;0,00;Carrasco Bonito;1703891
2015;0,00;Palmas;1721000
2015;0,00;Paranã;1716208
2015;0,00;Tupirama;1721257
2015;0,00;Porto Rico do Maranhão;2109056
2015;0,00;Passagem Franca;2107902
2015;0,00;Barra do Ouro;1703073
2015;0,00;Cajapió;2102408
2015;0,00;São Domingos do Azeitão;2110658
2015;0,00;Pequizeiro;1716653
2015;0,00;Bela Vista do Maranhão;2101772
2015;0,00;Maranhãozinho;2106375
2015;0,00;Tocantínia;1721109
2015;0,00;Alvorada;1700707
2015;0,00;Talismã;1720978
2015;0,00;Gurupi;1709500
2015;0,00;Raposa;2109452
2015;0,00;Sucupira;1720853
2015;0,00;São Luís Gonzaga do Maranhão;2111409
2015;0,00;Torixoréu;5108204
2015;0,00;Mirinzal;2106805
2015;0,00;Natividade;1714203
2015;0,00;Conceição do Lago-Açu;2103554
2015;0,00;Guiratinga;5104203
2015;0,00;Darcinópolis;1706506
2015;0,00;Goiatins;1709005
2015;0,00;Alto Garças;5100409
2015;0,00;Santa Rosa do Tocantins;1718907
2015;0,00;Lago da Pedra;2105708
2015;0,00;Santa Luzia do Paruá;2110039
2015;0,00;Pedra Preta;5106372
2015;0,00;Igarapé Grande;2105203
2015;0,00;Guimarães;2104909
2015;0,00;Primavera do Leste;5107040
2015;0,00;Jaú do Tocantins;1711506
2015;0,00;Ponte Alta do Bom Jesus;1717800
2015;0,00;Barra do Garças;5101803
2015;0,00;Igarapé do Meio;2105153
2015;0,00;Cachoeira Grande;2102374
2015;0,00;Santa Cruz do Arari;1506401
2015;0,00;Divinópolis do Tocantins;1707108
2015;0,00;Cuiabá;5103403
2015;0,00;Nova Rosalândia;1715002
2015;0,00;Trizidela do Vale;2112233
2015;0,00;Araguanã;1702158
2015;0,00;São Vicente Ferrer;2111706
2015;0,00;Pium;1717503
2015;0,00;Arraias;1702406
2015;0,00;Juarina;1711803
2015;0,00;Olinda Nova do Maranhão;2107456
2015;0,00;Acorizal;5100102
2015;0,00;Inhangapi;1503408
2015;0,00;Afuá;1500305
2015;0,00;Bom Lugar;2102077
2015;0,00;Barrolândia;1703107
2015;0,00;Tonantins;1304237
2015;0,00;Icatu;2105104
2015;0,00;Santa Terezinha do Tocantins;1720002
2015;0,00;Campos Lindos;1703842
2015;0,00;Chapada de Areia;1704600
2015;0,00;Araputanga;5101258
2015;0,00;Bernardo Sayão;1703206
2015;0,00;Dianópolis;1707009
2015;0,00;General Carneiro;5103908
2015;0,00;São Raimundo do Doca Bezerra;2111631
2015;0,00;Rio Sono;1718758
2015;0,00;Timbiras;2112100
2015;0,00;São Félix de Balsas;2110807
2015;0,00;Cariri do Tocantins;1703867
2015;0,00;Campinápolis;5102603
2015;0,00;Novo Acordo;1715101
2015;0,00;Tabocão;1708254
2015;0,00;Bacabal;2101202
2015;0,00;Colares;1502608
2015;0,00;Luzinópolis;1712454
2015;0,00;Arapoema;1702307
2015;0,00;Brasilândia do Tocantins;1703602
2015;0,00;Santana;1600600
2015;0,00;São Bento;2110500
2015;0,00;Paraíso do Tocantins;1716109
2015;0,00;Nazaré;1714302
2015;0,00;Santa Maria do Tocantins;1718881
2015;0,00;Lajeado;1712009
2015;0,00;Aurora do Tocantins;1702703
2015;0,00;Brejinho de Nazaré;1703701
2015;0,00;Silvanópolis;1720655
2015;0,00;Chapada da Natividade;1705102
2015;0,00;Turilândia;2112456
2015;0,00;Porto Nacional;1718204
2015;0,00;Lavandeira;1712157
2015;0,00;Rio dos Bois;1718709
2015;0,00;São João do Carú;2111029
2015;0,00;Altamira do Maranhão;2100402
2015;0,00;Poconé;5106505
2015;0,00;Limoeiro do Ajuru;1504000
2015;0,00;Santa Luzia do Pará;1506559
2015;0,00;Monte Santo do Tocantins;1713700
2015;0,00;Ipueiras;1709807
2015;0,00;Crixás do Tocantins;1706258
2015;0,00;Apicum-Açu;2100832
2015;0,00;Presidente Médici;2109239
2015;0,00;Ponte Branca;5106703
2015;0,00;Santa Tereza do Tocantins;1719004
2015;0,00;Viana;2112803
2015;0,00;São Pedro da Água Branca;2111532
2015;0,00;Paraibano;2107704
2015;0,00;Curvelândia;5103437
2015;0,00;Lago Verde;2105906
2015;0,00;Cedral;2103109
2015;0,00;Indiavaí;5104500
2015;0,00;Babaçulândia;1703008
2015;0,00;Pindorama do Tocantins;1717008
2015;0,00;Palmeirândia;2107605
2015;0,00;Alto Araguaia;5100300
2015;0,00;Pio XII;2108702
2015;0,00;Rio da Conceição;1718659
2015;0,00;Ponta de Pedras;1505700
2015;0,00;Campo Verde;5102678
2015;0,00;Pastos Bons;2108009
2015;0,00;São Pedro dos Crentes;2111573
2015;0,00;Araguanã;2100873
2015;0,00;Governador Edison Lobão;2104552
2015;0,00;Colinas do Tocantins;1705508
2015;0,00;Fortaleza dos Nogueiras;2104107
2015;0,00;Alcântara;2100204
2015;0,00;Vitória do Mearim;2112902
2015;0,00;Paulo Ramos;2108108
2015;0,00;Araguaçu;1702000
2015;0,00;Sandolândia;1718840
2015;0,00;Aparecida do Rio Negro;1701101
2015;0,00;Tupiratins;1721307
2015;0,00;Aliança do Tocantins;1700350
2015;0,00;São Félix do Tocantins;1720150
2015;0,00;Normandia;1400407
2015;0,00;Ribeirãozinho;5107198
2015;0,00;Balsas;2101400
2015;0,00;Campo Novo do Parecis;5102637
2015;0,00;Novo Jardim;1715259
2015;0,00;Colméia;1716703
2015;0,00;Novo Alegre;1715150
2015;0,00;Formosa da Serra Negra;2104099
2015;0,00;Tufilândia;2112274
2015;0,00;Terra Alta;1507961
2015;0,00;Vargem Grande;2112704
2015;0,00;Figueirópolis;1707652
2015;0,00;Mocajuba;1504604
2015;0,00;São Sebastião da Boa Vista;1507706
2015;0,00;Miracema do Tocantins;1713205
2015;0,00;Cachoeira do Arari;1502004
2015;0,00;Tasso Fragoso;2112001
2015;0,00;Várzea Grande;5108402
2015;0,00;Monte do Carmo;1713601
2015;0,00;Santa Inês;2109908
2015;0,00;Tesouro;5108105
2015;0,00;Marituba;1504422
2015;0,00;Ananindeua;1500800
2015;0,00;Conceição do Tocantins;1705607
2015;0,00;Alto Parnaíba;2100501
2015;0,00;Poção de Pedras;2108900
2015;0,00;São João Batista;2111003
2015;0,00;São José do Povo;5107297
2015;0,00;Anajatuba;2100709
2015;0,00;Nova Iorque;2107308
2015;0,00;Peixe;1716604
2015;0,00;Jangada;5104906
2015;0,00;São Raimundo das Mangabeiras;2111607
2015;0,00;Pedreiras;2108207
2015;0,00;Bandeirantes do Tocantins;1703057
2015;0,00;Mirador;2106706
2015;0,00;Mateiros;1712702
2015;0,00;Nova Olinda;1714880
2015;0,00;Nova Colinas;2107258
2015;0,00;Satubinha;2111722
2015;0,00;Oliveira de Fátima;1715507
2015;0,00;Pindaré-Mirim;2108504
2015;0,00;Cururupu;2103703
2015;0,00;Itapiratins;1710904
2015;0,00;Novo São Joaquim;5106281
2015;0,00;Nova Xavantina;5106257
2015;0,00;Itacajá;1710508
2015;0,00;Peri Mirim;2108405
2015;0,00;Almas;1700400
2015;0,00;Loreto;2106102
2015;0,00;Dom Aquino;5103601
2015;0,00;Palmeirópolis;1715754
2015;0,00;São João do Soter;2111078
2015;0,00;Bernardo do Mearim;2101939
2015;0,00;Sambaíba;2109700
2015;0,00;Lizarda;1712405
2015;0,00;Taguatinga;1720903
2015;0,00;Bacurituba;2101350
2015;0,00;Centenário;1704105
2015;0,00;Morros;2107100
2015;0,00;Bequimão;2101905
2015;0,00;Feira Nova do Maranhão;2104073
2015;0,00;Lago do Junco;2105807
2015;0,00;Combinado;1705557
2015;0,00;São Valério;1720499
2015;0,00;Japurá;1302108
2015;0,61;Alvarães;1300029
2015;4,44;Theobroma;1101609
2015;12,63;Cachoeira do Piriá;1501956
2015;1,29;Capanema;1502202
2015;0,47;Santa Izabel do Pará;1506500
2015;3,37;Buriti Bravo;2102309
2015;0,10;Boa Vista;1400100
2015;95,11;Anapu;1500859
2015;4,44;Pimenteiras do Oeste;1101468
2015;0,62;Santa Luzia D'Oeste;1100296
2015;0,29;Cametá;1502103
2015;1,11;Itapecuru Mirim;2105401
2015;0,07;Arenápolis;5101308
2015;2,07;Araguaína;1702109
2015;33,39;Comodoro;5103304
2015;0,10;Salto do Céu;5107750
2015;19,70;Caracaraí;1400209
2015;7,01;Acará;1500206
2015;1,32;Godofredo Viana;2104305
2015;0,32;Wanderlândia;1722081
2015;23,26;Rorainópolis;1400472
2015;0,40;Arari;2101004
2015;8,74;Amarante do Maranhão;2100600
2015;2,24;Terra Nova do Norte;5108055
2015;58,62;Senador José Porfírio;1507805
2015;10,50;Iracema;1400282
2015;2,20;Presidente Dutra;2109106
2015;0,72;Fonte Boa;1301605
2015;0,89;São Domingos do Araguaia;1507151
2015;7,30;Santa Terezinha;5107776
2015;13,15;Santa Maria das Barreiras;1506583
2015;0,22;Monção;2106904
2015;0,15;Eirunepé;1301407
2015;0,76;Senador Alexandre Costa;2111748
2015;5,45;Bom Jesus do Tocantins;1501576
2015;1,48;Porto Walter;1200393
2015;1,55;Barão de Melgaço;5101605
2015;0,09;Luís Domingues;2106201
2015;13,57;Bom Jesus das Selvas;2102036
2015;0,10;Ribamar Fiquene;2109551
2015;3,10;Amapá do Maranhão;2100550
2015;0,45;Nossa Senhora do Livramento;5106109
2015;0,84;Vale de São Domingos;5108352
2015;1,55;Alvorada D'Oeste;1100346
2015;0,71;Silves;1304005
2015;0,85;João Lisboa;2105500
2015;10,96;Monte Alegre;1504802
2015;0,75;Sorriso;5107925
2015;13,99;Ipixuna do Pará;1503457
2015;3,24;Corumbiara;1100072
2015;6,91;Alto Alegre;1400050
2015;0,73;Riachinho;1718550
2015;9,36;Bujari;1200138
2015;0,67;São Geraldo do Araguaia;1507458
2015;0,20;Alto Alegre do Pindaré;2100477
2015;4,27;Governador Eugênio Barros;2104602
2015;13,49;Oriximiná;1505304
2015;6,90;Arame;2100956
2015;3,88;Nova Olinda do Maranhão;2107357
2015;16,43;Apiacás;5100805
2015;8,97;Alta Floresta;5100250
2015;41,18;Nova Maringá;5108907
2015;1,52;Laranjal do Jari;1600279
2015;0,10;Estreito;2104057
2015;1,62;Peixe-Boi;1505601
2015;249,84;Colniza;5103254
2015;7,74;Santa Carmem;5107248
2015;22,62;São José do Rio Claro;5107305
2015;0,63;Dueré;1707306
2015;0,07;Serrano do Maranhão;2111789
2015;0,08;Figueirópolis D'Oeste;5103809
2015;1,45;Marapanim;1504406
2015;1,65;Guaraí;1709302
2015;0,50;Fernando Falcão;2104081
2015;72,45;Manicoré;1302702
2015;2,75;Cândido Mendes;2102606
2015;0,16;Nova Olímpia;5106232
2015;3,08;Manaquiri;1302553
2015;0,01;Tocantinópolis;1721208
2015;0,86;Pracuúba;1600550
2015;1,32;Santa Luzia;2110005
2015;4,11;Viseu;1508308
2015;31,81;Porto dos Gaúchos;5106802
2015;0,92;Benjamin Constant;1300607
2015;0,09;Santa Maria do Pará;1506609
2015;12,53;Grajaú;2104800
2015;51,81;Juína;5105150
2015;47,63;Candeias do Jamari;1100809
2015;3,60;Governador Jorge Teixeira;1101005
2015;3,29;Jacundá;1503804
2015;97,23;Machadinho D'Oeste;1100130
2015;2,24;Santa Rosa do Purus;1200435
2015;0,29;Goianorte;1708304
2015;0,10;Santa Helena;2109809
2015;0,47;Marechal Thaumaturgo;1200351
2015;0,39;Urucará;1304302
2015;0,26;Melgaço;1504505
2015;0,07;Araguaiana;5101001
2015;6,58;Pimenta Bueno;1100189
2015;4,93;São João do Araguaia;1507508
2015;2,32;Nova Guarita;5108808
2015;8,33;Juruti;1503903
2015;4,26;Ipixuna;1301803
2015;0,16;Nova União;1101435
2015;1,94;Jaru;1100114
2015;0,09;Pacaraima;1400456
2015;3,24;Floresta do Araguaia;1503044
2015;0,14;São José de Ribamar;2111201
2015;1,67;Conceição do Araguaia;1502707
2015;28,11;Nova Ubiratã;5106240
2015;1,12;Jutaí;1302306
2015;0,25;Alto Paraguai;5100508
2015;8,76;Marianópolis do Tocantins;1712504
2015;0,31;Itaporã do Tocantins;1711100
2015;18,50;Tapurah;5108006
2015;0,24;Sapezal;5107875
2015;2,88;Colinas;2103505
2015;0,09;Curralinho;1502806
2015;8,00;Açailândia;2100055
2015;0,58;Amaturá;1300060
2015;0,20;São Bento do Tocantins;1720101
2015;3,67;Nova Ipixuna;1504976
2015;6,47;Pauini;1303502
2015;5,06;Alta Floresta D'Oeste;1100015
2015;18,95;Rondon do Pará;1506187
2015;4,20;Tucumã;1508084
2015;3,50;São João da Baliza;1400506
2015;0,25;São Mateus do Maranhão;2111508
2015;0,54;Boa Vista do Ramos;1300680
2015;4,85;São Miguel do Guaporé;1100320
2015;9,51;Careiro da Várzea;1301159
2015;90,19;Itaituba;1503606
2015;0,53;São Gabriel da Cachoeira;1303809
2015;46,04;Juara;5105101
2015;0,51;Bragança;1501709
2015;0,08;São Francisco do Pará;1507409
2015;0,90;Rosário;2109601
2015;2,02;Porto Franco;2109007
2015;22,17;Santarém;1506807
2015;6,50;Novo Santo Antônio;5106315
2015;1,17;Salinópolis;1506203
2015;0,88;São Francisco do Brejão;2110856
2015;1,54;Castanheiras;1100908
2015;3,21;Faro;1503002
2015;0,24;Curuçá;1502905
2015;16,56;Santana do Araguaia;1506708
2015;7,10;Juruena;5105176
2015;0,34;Barcarena;1501303
2015;0,42;Novo Horizonte do Norte;5106273
2015;1,12;Xinguara;1508407
2015;0,21;Sítio Novo;2111805
2015;1,73;Carutapera;2102903
2015;4,93;Tomé-Açu;1508001
2015;0,31;Montes Altos;2107001
2015;9,11;Humaitá;1301704
2015;4,55;Terra Santa;1507979
2015;0,92;Aurora do Pará;1500958
2015;0,15;Recursolândia;1718501
2015;30,88;Rurópolis;1506195
2015;0,09;Atalaia do Norte;1300201
2015;0,72;Coari;1301209
2015;0,92;Água Boa;5100201
2015;2,25;Tefé;1304203
2015;25,54;Moju;1504703
2015;47,68;Vitória do Xingu;1508357
2015;52,98;Uruará;1508159
2015;4,46;Guajará;1301654
2015;1,94;Praia Norte;1718303
2015;12,14;Almeirim;1500503
2015;6,61;Itinga do Maranhão;2105427
2015;6,87;Seringueiras;1101500
2015;1,11;Bujaru;1501907
2015;0,27;Vila Nova dos Martírios;2112852
2015;7,19;Cabixi;1100031
2015;4,84;Rio Maria;1506161
2015;5,12;Careiro;1301100
2015;5,63;Colorado do Oeste;1100064
2015;4,21;São Luiz;1400605
2015;0,75;Tangará da Serra;5107958
2015;9,55;Água Azul do Norte;1500347
2015;1,73;São Sebastião do Uatumã;1303957
2015;32,89;Itanhangá;5104542
2015;3,82;Tarauacá;1200609
2015;5,94;Assis Brasil;1200054
2015;11,02;Belterra;1501451
2015;1,65;Rio Preto da Eva;1303569
2015;0,90;Novo Horizonte do Oeste;1100502
2015;37,47;Peixoto de Azevedo;5106422
2015;23,50;Alto Paraíso;1100403
2015;0,22;Bacabeira;2101251
2015;0,55;Conquista D'Oeste;5103361
2015;1,77;Capinzal do Norte;2102754
2015;3,70;Santa Cruz do Xingu;5107743
2015;0,14;Nova Brasilândia;5106208
2015;19,12;Nova Canaã do Norte;5106216
2015;12,00;São José do Xingu;5107354
2015;3,64;Governador Luiz Rocha;2104628
2015;3,66;Caapiranga;1300839
2015;2,75;Nova Marilândia;5108857
2015;0,11;Benevides;1501501
2015;1,03;Itaguatins;1710706
2015;11,50;Guarantã do Norte;5104104
2015;4,89;Senador Guiomard;1200450
2015;40,65;Cumaru do Norte;1502764
2015;3,79;Curuá;1502855
2015;0,74;Bagre;1501105
2015;5,78;Barreirinha;1300508
2015;0,63;Porto Grande;1600535
2015;15,09;Matupá;5105606
2015;0,16;Angico;1701051
2015;0,53;Alto Boa Vista;5100359
2015;1,53;São Miguel do Guamá;1507607
2015;1,63;Turiaçu;2112407
2015;2,49;Canabrava do Norte;5102694
2015;8,85;Itapuã do Oeste;1101104
2015;1,79;Parauapebas;1505536
2015;88,86;Placas;1505650
2015;0,46;Curionópolis;1502772
2015;8,89;Tuntum;2112308
2015;0,20;Brejo de Areia;2102150
2015;3,17;Parintins;1303403
2015;0,61;Pau D'Arco;1505551
2015;0,54;Anori;1300102
2015;1,13;Pedra Branca do Amapari;1600154
2015;199,40;São Félix do Xingu;1507300
2015;2,13;Santa Rita;2110203
2015;0,27;Belém;1501402
2015;10,75;Gaúcha do Norte;5103858
2015;1,94;Mazagão;1600402
2015;0,31;Presidente Médici;1100254
2015;0,31;Planalto da Serra;5106455
2015;0,54;Mirassol d'Oeste;5105622
2015;2,36;Rodrigues Alves;1200427
2015;23,20;Autazes;1300300
2015;22,56;Bannach;1501253
2015;0,58;São João da Ponta;1507466
2015;0,16;Jaciara;5104807
2015;36,44;Nova Bandeirantes;5106158
2015;1,76;Jatobá;2105450
2015;0,26;Tracuateua;1508035
2015;31,92;Mojuí dos Campos;1504752
2015;20,88;Confresa;5103353
2015;3,67;Iranduba;1301852
2015;1,33;Nova Brasilândia D'Oeste;1100148
2015;0,32;Chapada dos Guimarães;5103007
2015;1,98;Ananás;1701002
2015;0,25;Ouro Preto do Oeste;1100155
2015;0,59;Abaetetuba;1500107
2015;0,19;Redenção;1506138
2015;1,12;São Luís;2111300
2015;5,54;Diamantino;5103502
2015;0,13;Campos de Júlio;5102686
2015;1,25;Peritoró;2108454
2015;0,58;Novo Airão;1303205
2015;5,56;Nova Olinda do Norte;1303106
2015;2,82;Buritirana;2102358
2015;24,15;Cantá;1400175
2015;0,16;Presidente Kennedy;1718402
2015;0,58;Pirapemas;2108801
2015;20,66;São Félix do Araguaia;5107859
2015;0,28;Magalhães Barata;1504109
2015;0,08;Maraã;1302801
2015;0,61;Maracaçumé;2106326
2015;2,67;Canaã dos Carajás;1502152
2015;2,62;Fortuna;2104206
2015;2,93;Cerejeiras;1100056
2015;0,10;Juscimeira;5105200
2015;0,46;Luciara;5105309
2015;19,17;Manoel Urbano;1200344
2015;3,23;São João de Pirabas;1507474
2015;0,11;Glória D'Oeste;5103957
2015;5,49;Parecis;1101450
2015;2,89;Tartarugalzinho;1600709
2015;20,62;Campo Novo de Rondônia;1100700
2015;21,13;Guajará-Mirim;1100106
2015;13,87;Monte Negro;1101401
2015;0,73;Coroatá;2103604
2015;11,28;Amajari;1400027
2015;0,38;Lagoa Grande do Maranhão;2105963
2015;5,15;Plácido de Castro;1200385
2015;8,39;São Domingos do Maranhão;2110708
2015;0,31;Augustinópolis;1702554
2015;4,50;Araguacema;1701903
2015;51,66;Aripuanã;5101407
2015;0,16;Abel Figueiredo;1500131
2015;10,46;São Francisco do Guaporé;1101492
2015;0,70;Nortelândia;5106000
2015;0,19;São Felipe D'Oeste;1101484
2015;15,13;Alenquer;1500404
2015;42,24;Sena Madureira;1200500
2015;27,79;Itupiranga;1503705
2015;84,07;Feliz Natal;5103700
2015;0,40;Formoso do Araguaia;1708205
2015;55,13;Prainha;1506005
2015;0,11;Anajás;1500701
2015;1,21;Capitão Poço;1502301
2015;2,72;Mirante da Serra;1101302
2015;1,03;Itamarati;1301951
2015;14,76;Acrelândia;1200013
2015;58,20;Cotriguaçu;5103379
2015;3,09;Piçarra;1505635
2015;0,71;Dom Pedro;2103802
2015;4,06;Borba;1300805
2015;1,09;Poxoréu;5107008
2015;13,66;Nova Mutum;5106224
2015;0,31;Soure;1507904
2015;0,37;São Paulo de Olivença;1303908
2015;10,62;Feijó;1200302
2015;46,18;Boca do Acre;1300706
2015;0,07;Sítio Novo do Tocantins;1720804
2015;6,26;Nova Monte Verde;5108956
2015;2,40;Santa Rita do Tocantins;1718899
2015;3,53;Centro Novo do Maranhão;2103174
2015;0,75;Chaves;1502509
2015;0,64;Maracanã;1504307
2015;8,59;Rio Crespo;1100262
2015;0,27;Presidente Vargas;2109304
2015;0,12;Rio Branco;5107206
2015;0,11;Santa Bárbara do Pará;1506351
2015;7,07;Cocalinho;5103106
2015;5,09;Envira;1301506
2015;1,29;Graça Aranha;2104701
2015;21,69;Porto de Moz;1505908
2015;3,58;Ferreira Gomes;1600238
2015;2,80;Santo Antônio do Leverger;5107800
2015;0,26;Miranda do Norte;2106755
2015;1,22;Palestina do Pará;1505494
2015;1,48;Espigão D'Oeste;1100098
2015;17,95;Medicilândia;1504455
2015;0,71;Santo Antônio dos Lopes;2110302
2015;4,20;Santo Afonso;5107263
2015;0,07;Santo Antônio do Içá;1303700
2015;1,57;Cidelândia;2103257
2015;1,21;Brejo Grande do Araguaia;1501758
2015;109,67;Portel;1505809
2015;0,07;Salvaterra;1506302
2015;0,49;Primavera;1506104
2015;30,27;Rio Branco;1200401
2015;6,09;Capixaba;1200179
2015;0,24;Tabatinga;1304062
2015;13,21;Óbidos;1505106
2015;0,09;Junco do Maranhão;2105658
2015;1,51;Boa Vista do Gurupi;2101970
2015;0,35;Carauari;1301001
2015;0,82;Itapiranga;1302009
2015;4,19;Reserva do Cabaçal;5107156
2015;1,26;Garrafão do Norte;1503077
2015;0,59;Davinópolis;2103752
2015;7,65;Vila Bela da Santíssima Trindade;5105507
2015;23,44;Paranaíta;5106299
2015;0,75;São Miguel do Tocantins;1720200
2015;10,93;Tabaporã;5107941
2015;0,29;Rolim de Moura;1100288
2015;0,31;Amapá;1600105
2015;0,26;São João do Paraíso;2111052
2015;4,33;Cacaulândia;1100601
2015;0,57;São José dos Quatro Marcos;5107107
2015;0,23;São Caetano de Odivelas;1507102
2015;2,43;Carlinda;5102793
2015;0,52;Pau D'Arco;1716307
2015;2,23;Pontes e Lacerda;5106752
2015;18,56;Querência;5107065
2015;0,99;Paço do Lumiar;2107506
2015;0,11;Santa Fé do Araguaia;1718865
2015;15,87;Vilhena;1100304
2015;0,10;Palmeiras do Tocantins;1713809
2015;107,01;Apuí;1300144
2015;5,95;Itacoatiara;1301902
2015;14,17;Vale do Anari;1101757
2015;12,86;Ribeirão Cascalheira;5107180
2015;0,87;Santa Filomena do Maranhão;2109759
2015;7,65;Presidente Figueiredo;1303536
2015;0,49;Cachoeirinha;1703826
2015;21,87;Mucajaí;1400308
2015;73,56;Novo Repartimento;1505064
2015;1,29;Senador La Rocque;2111763
2015;0,09;Uiramutã;1400704
2015;1,02;Governador Archer;2104503
2015;0,35;Cantanhede;2102705
2015;0,93;Calçoene;1600204
2015;236,80;Lábrea;1302405
2015;0,25;Barcelos;1300409
2015;0,07;Maurilândia do Tocantins;1712801
2015;1,80;Matões do Norte;2106631
2015;0,82;Bonito;1501600
2015;3,88;Porto Esperidião;5106828
2015;2,12;Lambari D'Oeste;5105234
2015;165,64;Pacajá;1505486
2015;31,41;Jacareacanga;1503754
2015;0,96;Codajás;1301308
2015;30,87;Bom Jardim;2102002
2015;64,98;Cujubim;1100940
2015;0,42;Marajá do Sena;2106359
2015;4,45;Baião;1501204
2015;17,60;Xapuri;1200708
2015;44,78;Marcelândia;5105580
2015;0,14;Nova Nazaré;5106174
2015;2,42;Beruri;1300631
2015;0,15;Urucurituba;1304401
2015;169,63;Novo Progresso;1505031
2015;1,27;Vigia;1508209
2015;16,03;Breu Branco;1501782
2015;19,63;Paranatinga;5106307
2015;24,02;Paragominas;1505502
2015;0,86;Sapucaia;1507755
2015;146,93;Nova Mamoré;1100338
2015;0,69;Pedro do Rosário;2108256
2015;24,87;Trairão;1508050
2015;0,25;Penalva;2108306
2015;0,24;Gurupá;1503101
2015;18,81;Bom Jesus do Araguaia;5101852
2015;0,48;Governador Nunes Freire;2104677
2015;1,85;Nova Santa Helena;5106190
2015;0,49;Concórdia do Pará;1502756
2015;0,95;Rondonópolis;5107602
2015;2,39;Jenipapo dos Vieiras;2105476
2015;0,16;Axixá;2101103
2015;0,77;Lajeado Novo;2105989
2015;0,58;Igarapé-Miri;1503309
2015;1,54;Xambioá;1722107
2015;1,00;Campestre do Maranhão;2102556
2015;6,34;Vila Rica;5108600
2015;4,53;Eldorado do Carajás;1502954
2015;0,11;Sampaio;1718808
2015;2,73;Nova Esperança do Piriá;1504950
2015;1,80;Manaus;1302603
2015;0,16;Mãe do Rio;1504059
2015;1,53;Canarana;5102702
2015;285,30;Porto Velho;1100205
2015;1,02;Urupá;1101708
2015;0,07;Axixá do Tocantins;1702901
2015;3,88;Porto Alegre do Norte;5106778
2015;0,10;Nobres;5105903
2015;24,64;Goianésia do Pará;1503093
2015;308,20;Altamira;1500602
2015;0,19;Cajari;2102507
2015;0,32;Ministro Andreazza;1101203
2015;8,35;Gonçalves Dias;2104404
2015;45,64;Marabá;1504208
2015;0,52;Centro do Guilherme;2103158
2015;0,13;Porto Estrela;5106851
2015;31,24;Brasnorte;5101902
2015;2,29;Mâncio Lima;1200336
2015;0,91;Breves;1501808
2015;4,52;Barra do Bugres;5101704
2015;5,20;Ipiranga do Norte;5104526
2015;4,80;Chupinguaia;1100924
2015;0,50;Santa Isabel do Rio Negro;1303601
2015;22,41;Novo Mundo;5106265
2015;38,57;União do Sul;5108303
2015;0,39;Itaipava do Grajaú;2105351
2015;0,22;Santo Antônio do Tauá;1507003
2015;0,41;Presidente Juscelino;2109205
2015;7,29;Lagoa da Confusão;1711902
2015;2,35;Rondolândia;5107578
2015;2,32;Cacoal;1100049
2015;0,08;Serra do Navio;1600055
2015;10,00;Maués;1302900
2015;0,67;Castanhal;1502400
2015;3,93;Serra Nova Dourada;5107883
2015;1,29;Ji-Paraná;1100122
2015;6,53;Buriticupu;2102325
2015;0,48;Aguiarnópolis;1700301
2015;7,97;Manacapuru;1302504
2015;10,76;Brasil Novo;1501725
2015;1,27;Oiapoque;1600501
2015;0,49;Tapauá;1304104
2015;7,03;Lucas do Rio Verde;5105259
2015;1,75;Aragominas;1701309
2015;0,07;Abreulândia;1700251
2015;1,83;Joselândia;2105609
2015;0,34;Pinheiro;2108603
2015;0,38;Teixeirópolis;1101559
2015;1,36;Codó;2103307
2015;12,62;Nova Lacerda;5106182
2015;7,95;Porto Acre;1200807
2015;65,14;Itaúba;5104559
2015;54,36;Buritis;1100452
2015;0,49;Cutias;1600212
2015;24,02;Costa Marques;1100080
2015;8,13;Cáceres;5102504
2015;23,22;Tucuruí;1508100
2015;3,65;Alto Alegre dos Parecis;1100379
2015;0,30;Imperatriz;2105302
2015;6,70;Tailândia;1507953
2015;9,71;Epitaciolândia;1200252
2015;5,42;Ourilândia do Norte;1505437
2015;22,06;Brasiléia;1200104
2015;0,22;Primavera de Rondônia;1101476
2015;0,18;Couto Magalhães;1706001
2015;0,45;Uarini;1304260
2015;3,09;Macapá;1600303
2015;1,88;Irituia;1503507
2015;0,39;Vitória do Jari;1600808
2015;11,29;Colíder;5103205
2015;10,18;Ariquemes;1100023
2015;5,20;Sinop;5107909
2015;7,18;Vera;5108501
2015;4,88;Nhamundá;1303007
2015;53,20;Novo Aripuanã;1303304
2015;1,22;Quatipuru;1506112
2015;0,08;Governador Newton Bello;2104651
2015;22,48;Ulianópolis;1508126
2015;0,59;Jauru;5105002
2015;0,27;Nova Timboteua;1505007
2015;8,30;Bonfim;1400159
2015;1,01;Anamã;1300086
2015;3,43;Cruzeiro do Sul;1200203
2015;6,85;Dom Eliseu;1502939
2015;0,33;Ourém;1505403
2015;20,80;Cláudia;5103056
2015;4,34;Muricilândia;1713957
2015;0,11;Lima Campos;2106003
2015;0,30;Igarapé-Açu;1503200
2015;0,27;Pedro Afonso;1716505
2015;14,19;Canutama;1300904
2015;1,93;Oeiras do Pará;1505205
2015;3,64;Araguatins;1702208
2015;0,23;Juruá;1302207
2015;1,77;São Domingos do Capim;1507201
2015;3,53;Caseara;1703909
2015;16,04;Aveiro;1501006
2015;0,93;Jordão;1200328
2015;0,20;Carmolândia;1703883
2015;0,42;Santa Rita do Trivelato;5107768
2015;1,40;São José dos Basílios;2111250
2015;0,51;Zé Doca;2114007
2015;0,56;Bom Jesus do Tocantins;1703305
2015;1,18;Vale do Paraíso;1101807
2015;0,21;Rosário Oeste;5107701
2015;20,36;Caroebe;1400233
2015;9,19;Castanheira;5102850
2015;0,19;Augusto Corrêa;1500909
2015;9,51;Barra do Corda;2101608
2015;1,14;Piraquê;1717206
2014;0,31;Boa Vista;1400100
2014;0,00;Lagoa do Tocantins;1711951
2014;0,00;Central do Maranhão;2103125
2014;0,00;Filadélfia;1707702
2014;0,00;Carolina;2102804
2014;0,00;Olho d'Água das Cunhãs;2107407
2014;0,00;Benedito Leite;2101806
2014;0,00;Cristalândia;1706100
2014;0,00;Araguainha;5101209
2014;0,00;Abreulândia;1700251
2014;0,00;Fátima;1707553
2014;0,00;Miranorte;1713304
2014;0,00;Riachão;2109502
2014;0,00;São Roberto;2111672
2014;0,00;Alto Alegre do Maranhão;2100436
2014;0,00;Dois Irmãos do Tocantins;1707207
2014;0,00;Palmeiras do Tocantins;1713809
2014;0,00;Ponte Alta do Tocantins;1717909
2014;0,00;Muaná;1504901
2014;0,00;Teixeirópolis;1101559
2014;0,00;Sucupira do Norte;2111904
2014;0,00;Nova Timboteua;1505007
2014;0,00;Taipas do Tocantins;1720937
2014;0,00;Esperantinópolis;2104008
2014;0,00;Magalhães Barata;1504109
2014;0,00;Pontal do Araguaia;5106653
2014;0,00;Pedro do Rosário;2108256
2014;0,00;Bacuri;2101301
2014;0,00;Alto Taquari;5100607
2014;0,00;Santo Antônio do Leste;5107792
2014;0,00;Santa Rita do Tocantins;1718899
2014;0,00;São Salvador do Tocantins;1720259
2014;0,00;Palmeirante;1715705
2014;0,00;Vitorino Freire;2113009
2014;0,00;Denise;5103452
2014;0,00;São Sebastião do Tocantins;1720309
2014;0,00;Porto Alegre do Tocantins;1718006
2014;0,00;Codó;2103307
2014;0,00;Pugmil;1718451
2014;0,00;Lago dos Rodrigues;2105948
2014;0,00;Carrasco Bonito;1703891
2014;0,00;Palmas;1721000
2014;0,00;Paranã;1716208
2014;0,00;Tupirama;1721257
2014;0,00;Porto Rico do Maranhão;2109056
2014;0,00;Passagem Franca;2107902
2014;0,00;Barra do Ouro;1703073
2014;0,00;Cajapió;2102408
2014;0,00;São Domingos do Azeitão;2110658
2014;0,00;Bela Vista do Maranhão;2101772
2014;0,00;Curionópolis;1502772
2014;0,00;Tocantínia;1721109
2014;0,00;Alvorada;1700707
2014;0,00;Talismã;1720978
2014;0,00;Campos de Júlio;5102686
2014;0,00;Gurupi;1709500
2014;0,00;Sucupira;1720853
2014;0,00;São Luís Gonzaga do Maranhão;2111409
2014;0,00;Torixoréu;5108204
2014;0,00;Mirinzal;2106805
2014;0,00;Natividade;1714203
2014;0,00;Conceição do Lago-Açu;2103554
2014;0,00;Guiratinga;5104203
2014;0,00;Darcinópolis;1706506
2014;0,00;Goiatins;1709005
2014;0,00;Alto Garças;5100409
2014;0,00;Tocantinópolis;1721208
2014;0,00;Santa Rosa do Tocantins;1718907
2014;0,00;Lago da Pedra;2105708
2014;0,00;Pedra Preta;5106372
2014;0,00;Rio Branco;5107206
2014;0,00;Igarapé Grande;2105203
2014;0,00;Guimarães;2104909
2014;0,00;Primavera do Leste;5107040
2014;0,00;Jaú do Tocantins;1711506
2014;0,00;Alto Paraguai;5100508
2014;0,00;Ponte Alta do Bom Jesus;1717800
2014;0,00;Barra do Garças;5101803
2014;0,00;Recursolândia;1718501
2014;0,00;Cachoeira Grande;2102374
2014;0,00;Santa Cruz do Arari;1506401
2014;0,00;Divinópolis do Tocantins;1707108
2014;0,00;Sapucaia;1507755
2014;0,00;Augusto Corrêa;1500909
2014;0,00;Nova Rosalândia;1715002
2014;0,00;Trizidela do Vale;2112233
2014;0,00;São Vicente Ferrer;2111706
2014;0,00;Mãe do Rio;1504059
2014;0,00;Pium;1717503
2014;0,00;Arraias;1702406
2014;0,00;Juarina;1711803
2014;0,00;Olinda Nova do Maranhão;2107456
2014;0,00;Acorizal;5100102
2014;0,00;Peixe-Boi;1505601
2014;0,00;Inhangapi;1503408
2014;0,00;Angico;1701051
2014;0,00;Bom Lugar;2102077
2014;0,00;São Mateus do Maranhão;2111508
2014;0,00;Barrolândia;1703107
2014;0,00;Campos Lindos;1703842
2014;0,00;Chapada de Areia;1704600
2014;0,00;Lima Campos;2106003
2014;0,00;Bernardo Sayão;1703206
2014;0,00;Dianópolis;1707009
2014;0,00;General Carneiro;5103908
2014;0,00;São Raimundo do Doca Bezerra;2111631
2014;0,00;Rio Sono;1718758
2014;0,00;Timbiras;2112100
2014;0,00;São Félix de Balsas;2110807
2014;0,00;Cariri do Tocantins;1703867
2014;0,00;Campinápolis;5102603
2014;0,00;Novo Acordo;1715101
2014;0,00;Soure;1507904
2014;0,00;Tabocão;1708254
2014;0,00;Bacabal;2101202
2014;0,00;Colares;1502608
2014;0,00;Luzinópolis;1712454
2014;0,00;Brasilândia do Tocantins;1703602
2014;0,00;São Bento;2110500
2014;0,00;Paraíso do Tocantins;1716109
2014;0,00;Santa Maria do Tocantins;1718881
2014;0,00;Lajeado;1712009
2014;0,00;Jaciara;5104807
2014;0,00;Aurora do Tocantins;1702703
2014;0,00;Brejinho de Nazaré;1703701
2014;0,00;Silvanópolis;1720655
2014;0,00;Chapada da Natividade;1705102
2014;0,00;Porto Nacional;1718204
2014;0,00;Igarapé-Açu;1503200
2014;0,00;Lavandeira;1712157
2014;0,00;Rio dos Bois;1718709
2014;0,00;Altamira do Maranhão;2100402
2014;0,00;Capinzal do Norte;2102754
2014;0,00;Peritoró;2108454
2014;0,00;Limoeiro do Ajuru;1504000
2014;0,00;Monte Santo do Tocantins;1713700
2014;0,00;Ipueiras;1709807
2014;0,00;Crixás do Tocantins;1706258
2014;0,00;Apicum-Açu;2100832
2014;0,00;Presidente Médici;2109239
2014;0,00;Ponte Branca;5106703
2014;0,00;Santa Tereza do Tocantins;1719004
2014;0,00;Paraibano;2107704
2014;0,00;Curvelândia;5103437
2014;0,00;Lago Verde;2105906
2014;0,00;Cedral;2103109
2014;0,00;Indiavaí;5104500
2014;0,00;Babaçulândia;1703008
2014;0,00;Pindorama do Tocantins;1717008
2014;0,00;Alto Araguaia;5100300
2014;0,00;Pio XII;2108702
2014;0,00;Rio da Conceição;1718659
2014;0,00;Ponta de Pedras;1505700
2014;0,00;Pastos Bons;2108009
2014;0,00;São Pedro dos Crentes;2111573
2014;0,00;Araguanã;2100873
2014;0,00;Colinas do Tocantins;1705508
2014;0,00;Fortaleza dos Nogueiras;2104107
2014;0,00;Alcântara;2100204
2014;0,00;Santo Antônio do Içá;1303700
2014;0,00;Vitória do Mearim;2112902
2014;0,00;Paulo Ramos;2108108
2014;0,00;Araguaçu;1702000
2014;0,00;Sandolândia;1718840
2014;0,00;Aparecida do Rio Negro;1701101
2014;0,00;Tupiratins;1721307
2014;0,00;Aliança do Tocantins;1700350
2014;0,00;Estreito;2104057
2014;0,00;Santa Bárbara do Pará;1506351
2014;0,00;São Félix do Tocantins;1720150
2014;0,00;Normandia;1400407
2014;0,00;Ribeirãozinho;5107198
2014;0,00;Balsas;2101400
2014;0,00;Novo Jardim;1715259
2014;0,00;Amaturá;1300060
2014;0,00;Novo Alegre;1715150
2014;0,00;Figueirópolis D'Oeste;5103809
2014;0,00;Tufilândia;2112274
2014;0,00;Figueirópolis;1707652
2014;0,00;Dueré;1707306
2014;0,00;São Sebastião da Boa Vista;1507706
2014;0,00;Santo Antônio dos Lopes;2110302
2014;0,00;Miracema do Tocantins;1713205
2014;0,00;Cachoeira do Arari;1502004
2014;0,00;Tasso Fragoso;2112001
2014;0,00;Várzea Grande;5108402
2014;0,00;Salinópolis;1506203
2014;0,00;Monte do Carmo;1713601
2014;0,00;Santa Inês;2109908
2014;0,00;Tesouro;5108105
2014;0,00;Vigia;1508209
2014;0,00;Marituba;1504422
2014;0,00;Pirapemas;2108801
2014;0,00;Ananindeua;1500800
2014;0,00;Anajás;1500701
2014;0,00;Conceição do Tocantins;1705607
2014;0,00;Alto Parnaíba;2100501
2014;0,00;Poção de Pedras;2108900
2014;0,00;São João Batista;2111003
2014;0,00;São José do Povo;5107297
2014;0,00;Quatipuru;1506112
2014;0,00;Anajatuba;2100709
2014;0,00;Nova Iorque;2107308
2014;0,00;Benevides;1501501
2014;0,00;Peixe;1716604
2014;0,00;Jangada;5104906
2014;0,00;São Raimundo das Mangabeiras;2111607
2014;0,00;Pedreiras;2108207
2014;0,00;Bandeirantes do Tocantins;1703057
2014;0,00;Mirador;2106706
2014;0,00;Mateiros;1712702
2014;0,00;Sampaio;1718808
2014;0,00;Nova Olinda;1714880
2014;0,00;Nova Colinas;2107258
2014;0,00;Glória D'Oeste;5103957
2014;0,00;Satubinha;2111722
2014;0,00;Oliveira de Fátima;1715507
2014;0,00;Pindaré-Mirim;2108504
2014;0,00;Coroatá;2103604
2014;0,00;Cururupu;2103703
2014;0,00;Itapiratins;1710904
2014;0,00;Novo São Joaquim;5106281
2014;0,00;Nova Xavantina;5106257
2014;0,00;Itacajá;1710508
2014;0,00;Almas;1700400
2014;0,00;Loreto;2106102
2014;0,00;Dom Aquino;5103601
2014;0,00;Palmeirópolis;1715754
2014;0,00;São João do Soter;2111078
2014;0,00;Belém;1501402
2014;0,00;Juscimeira;5105200
2014;0,00;Bernardo do Mearim;2101939
2014;0,00;São Caetano de Odivelas;1507102
2014;0,00;Sambaíba;2109700
2014;0,00;Lizarda;1712405
2014;0,00;Taguatinga;1720903
2014;0,00;Bacurituba;2101350
2014;0,00;Centenário;1704105
2014;0,00;Morros;2107100
2014;0,00;Bequimão;2101905
2014;0,00;Feira Nova do Maranhão;2104073
2014;0,00;Lago do Junco;2105807
2014;0,00;Combinado;1705557
2014;0,00;São Valério;1720499
2014;6,32;Alvarães;1300029
2014;3,54;Theobroma;1101609
2014;11,32;Amajari;1400027
2014;0,67;Lagoa Grande do Maranhão;2105963
2014;7,39;Plácido de Castro;1200385
2014;0,08;Santarém Novo;1506906
2014;10,51;Cachoeira do Piriá;1501956
2014;0,28;Capanema;1502202
2014;0,15;Santa Izabel do Pará;1506500
2014;11,13;São Domingos do Maranhão;2110708
2014;0,60;Augustinópolis;1702554
2014;0,22;Araguacema;1701903
2014;0,61;Piraquê;1717206
2014;40,32;Aripuanã;5101407
2014;0,00;Esperantina;1707405
2014;32,10;Anapu;1500859
2014;0,42;Abel Figueiredo;1500131
2014;1,21;Pimenteiras do Oeste;1101468
2014;0,27;Santa Luzia D'Oeste;1100296
2014;6,77;São Francisco do Guaporé;1101492
2014;0,33;Nortelândia;5106000
2014;0,34;Cametá;1502103
2014;3,35;Itapecuru Mirim;2105401
2014;0,09;Arenápolis;5101308
2014;0,13;Araguaína;1702109
2014;15,81;Comodoro;5103304
2014;1,66;Salto do Céu;5107750
2014;33,36;Caracaraí;1400209
2014;5,83;Acará;1500206
2014;1,15;Godofredo Viana;2104305
2014;0,12;São Felipe D'Oeste;1101484
2014;0,31;Wanderlândia;1722081
2014;19,39;Rorainópolis;1400472
2014;0,71;Arari;2101004
2014;0,81;Araputanga;5101258
2014;11,94;Amarante do Maranhão;2100600
2014;3,42;Terra Nova do Norte;5108055
2014;16,44;Alenquer;1500404
2014;28,24;Senador José Porfírio;1507805
2014;21,83;Iracema;1400282
2014;1,16;Presidente Dutra;2109106
2014;52,36;Sena Madureira;1200500
2014;1,64;Fonte Boa;1301605
2014;2,45;São Domingos do Araguaia;1507151
2014;48,57;Itupiranga;1503705
2014;5,65;Santa Terezinha;5107776
2014;49,48;Feliz Natal;5103700
2014;19,67;Santa Maria das Barreiras;1506583
2014;0,91;Formoso do Araguaia;1708205
2014;37,40;Prainha;1506005
2014;0,89;Monção;2106904
2014;1,21;Capitão Poço;1502301
2014;1,40;Mirante da Serra;1101302
2014;3,20;Itamarati;1301951
2014;18,90;Acrelândia;1200013
2014;45,89;Cotriguaçu;5103379
2014;3,07;Eirunepé;1301407
2014;2,14;Senador Alexandre Costa;2111748
2014;5,64;Bom Jesus do Tocantins;1501576
2014;9,22;Porto Walter;1200393
2014;1,31;Barão de Melgaço;5101605
2014;0,67;São João do Carú;2111029
2014;5,07;Piçarra;1505635
2014;0,68;Luís Domingues;2106201
2014;0,79;Dom Pedro;2103802
2014;7,85;Bom Jesus das Selvas;2102036
2014;0,18;Ribamar Fiquene;2109551
2014;0,19;Terra Alta;1507961
2014;2,41;Borba;1300805
2014;0,30;Poxoréu;5107008
2014;1,79;Amapá do Maranhão;2100550
2014;5,60;Nova Mutum;5106224
2014;0,09;Nossa Senhora do Livramento;5106109
2014;0,65;São Paulo de Olivença;1303908
2014;0,14;Vale de São Domingos;5108352
2014;2,36;Alvorada D'Oeste;1100346
2014;1,33;Silves;1304005
2014;37,31;Feijó;1200302
2014;72,57;Boca do Acre;1300706
2014;0,42;Sítio Novo do Tocantins;1720804
2014;0,71;João Lisboa;2105500
2014;15,10;Monte Alegre;1504802
2014;0,16;Sorriso;5107925
2014;5,26;Nova Monte Verde;5108956
2014;0,68;Nazaré;1714302
2014;14,94;Centro Novo do Maranhão;2103174
2014;0,17;Chaves;1502509
2014;6,36;Ipixuna do Pará;1503457
2014;1,74;Corumbiara;1100072
2014;6,59;Alto Alegre;1400050
2014;0,19;Maracanã;1504307
2014;0,45;Riachinho;1718550
2014;4,62;Rio Crespo;1100262
2014;0,10;Presidente Vargas;2109304
2014;8,99;Bujari;1200138
2014;0,16;Buriti do Tocantins;1703800
2014;1,37;Cocalinho;5103106
2014;8,82;Envira;1301506
2014;1,47;São Geraldo do Araguaia;1507458
2014;2,21;Graça Aranha;2104701
2014;21,65;Porto de Moz;1505908
2014;0,06;Alto Alegre do Pindaré;2100477
2014;5,65;Governador Eugênio Barros;2104602
2014;0,63;Ferreira Gomes;1600238
2014;1,30;Santo Antônio do Leverger;5107800
2014;0,52;Miranda do Norte;2106755
2014;1,75;Palestina do Pará;1505494
2014;8,67;Oriximiná;1505304
2014;29,05;Arame;2100956
2014;2,16;Nova Olinda do Maranhão;2107357
2014;11,97;Apiacás;5100805
2014;2,72;Espigão D'Oeste;1100098
2014;9,79;Alta Floresta;5100250
2014;36,00;Nova Maringá;5108907
2014;3,67;Laranjal do Jari;1600279
2014;17,20;Medicilândia;1504455
2014;145,63;Colniza;5103254
2014;2,03;Santo Afonso;5107263
2014;1,98;Cidelândia;2103257
2014;2,76;Brejo Grande do Araguaia;1501758
2014;60,68;Portel;1505809
2014;0,54;Salvaterra;1506302
2014;0,16;Primavera;1506104
2014;0,08;São Pedro da Cipa;5107404
2014;8,77;Santa Carmem;5107248
2014;16,30;São José do Rio Claro;5107305
2014;32,88;Rio Branco;1200401
2014;9,62;Capixaba;1200179
2014;3,74;Tabatinga;1304062
2014;0,14;Serrano do Maranhão;2111789
2014;23,00;Óbidos;1505106
2014;0,07;Junco do Maranhão;2105658
2014;0,28;Marapanim;1504406
2014;0,46;Boa Vista do Gurupi;2101970
2014;1,11;Carauari;1301001
2014;0,81;Itapiranga;1302009
2014;0,09;Palmeirândia;2107605
2014;4,34;Guaraí;1709302
2014;0,51;Reserva do Cabaçal;5107156
2014;3,96;Garrafão do Norte;1503077
2014;0,96;Fernando Falcão;2104081
2014;1,01;Davinópolis;2103752
2014;29,30;Manicoré;1302702
2014;12,88;Vila Bela da Santíssima Trindade;5105507
2014;2,09;Cândido Mendes;2102606
2014;0,53;Japurá;1302108
2014;39,48;Paranaíta;5106299
2014;0,41;Nova Olímpia;5106232
2014;0,42;São Miguel do Tocantins;1720200
2014;16,10;Tabaporã;5107941
2014;0,07;Manaquiri;1302553
2014;0,54;Rolim de Moura;1100288
2014;1,00;Pracuúba;1600550
2014;0,08;Raposa;2109452
2014;1,30;Santa Luzia;2110005
2014;3,28;Viseu;1508308
2014;4,09;Turilândia;2112456
2014;16,61;Porto dos Gaúchos;5106802
2014;0,30;Benjamin Constant;1300607
2014;0,09;Santa Maria do Pará;1506609
2014;25,27;Grajaú;2104800
2014;33,19;Juína;5105150
2014;0,20;Araguanã;1702158
2014;0,68;Amapá;1600105
2014;39,21;Candeias do Jamari;1100809
2014;0,30;São João do Paraíso;2111052
2014;1,93;Governador Jorge Teixeira;1101005
2014;1,96;Jacundá;1503804
2014;61,15;Machadinho D'Oeste;1100130
2014;2,50;Cacaulândia;1100601
2014;0,32;São José dos Quatro Marcos;5107107
2014;3,92;Santa Rosa do Purus;1200435
2014;0,06;Goianorte;1708304
2014;1,79;Santa Helena;2109809
2014;1,44;Carlinda;5102793
2014;0,38;Pau D'Arco;1716307
2014;8,86;Marechal Thaumaturgo;1200351
2014;1,39;Urucará;1304302
2014;1,56;Melgaço;1504505
2014;0,08;Araguaiana;5101001
2014;2,75;Pontes e Lacerda;5106752
2014;15,40;Querência;5107065
2014;0,26;Presidente Sarney;2109270
2014;3,81;Pimenta Bueno;1100189
2014;4,52;São João do Araguaia;1507508
2014;1,40;Paço do Lumiar;2107506
2014;1,58;Nova Guarita;5108808
2014;0,39;Santa Fé do Araguaia;1718865
2014;7,48;Vilhena;1100304
2014;80,04;Apuí;1300144
2014;7,84;Itacoatiara;1301902
2014;12,86;Juruti;1503903
2014;10,92;Vale do Anari;1101757
2014;1,15;Ipixuna;1301803
2014;4,04;Ribeirão Cascalheira;5107180
2014;1,53;Nova União;1101435
2014;0,23;Santa Filomena do Maranhão;2109759
2014;6,63;Presidente Figueiredo;1303536
2014;1,24;Jaru;1100114
2014;0,37;Cachoeirinha;1703826
2014;0,41;Pacaraima;1400456
2014;47,77;Mucajaí;1400308
2014;77,78;Novo Repartimento;1505064
2014;1,86;Senador La Rocque;2111763
2014;0,13;Vargem Grande;2112704
2014;4,03;Floresta do Araguaia;1503044
2014;0,32;São José de Ribamar;2111201
2014;1,11;Uiramutã;1400704
2014;4,28;Conceição do Araguaia;1502707
2014;0,07;Formosa da Serra Negra;2104099
2014;0,93;Governador Archer;2104503
2014;0,34;Cantanhede;2102705
2014;1,75;Calçoene;1600204
2014;0,13;São Pedro da Água Branca;2111532
2014;15,55;Nova Ubiratã;5106240
2014;132,54;Lábrea;1302405
2014;1,82;Barcelos;1300409
2014;0,09;Maurilândia do Tocantins;1712801
2014;2,58;Jutaí;1302306
2014;0,17;Itiquira;5104609
2014;0,85;Matões do Norte;2106631
2014;0,28;Bonito;1501600
2014;1,18;Porto Esperidião;5106828
2014;0,28;Campo Verde;5102678
2014;0,54;Lambari D'Oeste;5105234
2014;78,51;Pacajá;1505486
2014;24,19;Jacareacanga;1503754
2014;3,08;Codajás;1301308
2014;1,77;Marianópolis do Tocantins;1712504
2014;3,73;Bom Jardim;2102002
2014;0,34;Itaporã do Tocantins;1711100
2014;40,15;Cujubim;1100940
2014;3,02;Marajá do Sena;2106359
2014;3,80;Baião;1501204
2014;18,32;Xapuri;1200708
2014;35,10;Marcelândia;5105580
2014;0,00;Colméia;1716703
2014;7,86;Tapurah;5108006
2014;0,56;Nova Nazaré;5106174
2014;0,20;Sapezal;5107875
2014;2,50;Beruri;1300631
2014;3,23;Colinas;2103505
2014;0,86;Urucurituba;1304401
2014;0,18;Curralinho;1502806
2014;115,43;Novo Progresso;1505031
2014;7,34;Açailândia;2100055
2014;6,53;Breu Branco;1501782
2014;4,41;Paranatinga;5106307
2014;19,74;Paragominas;1505502
2014;135,35;Nova Mamoré;1100338
2014;0,75;São Bento do Tocantins;1720101
2014;43,85;Trairão;1508050
2014;2,16;Nova Ipixuna;1504976
2014;9,45;Pauini;1303502
2014;0,25;Penalva;2108306
2014;10,30;Alta Floresta D'Oeste;1100015
2014;1,93;Gurupá;1503101
2014;2,50;Bom Jesus do Araguaia;5101852
2014;0,05;Governador Nunes Freire;2104677
2014;22,42;Rondon do Pará;1506187
2014;2,71;Tucumã;1508084
2014;6,74;São João da Baliza;1400506
2014;4,16;Nova Santa Helena;5106190
2014;0,28;Concórdia do Pará;1502756
2014;0,07;Rondonópolis;5107602
2014;3,06;Jenipapo dos Vieiras;2105476
2014;0,15;Axixá;2101103
2014;0,14;Lajeado Novo;2105989
2014;1,78;Boa Vista do Ramos;1300680
2014;0,26;Igarapé-Miri;1503309
2014;23,66;Barra do Corda;2101608
2014;10,88;São Miguel do Guaporé;1100320
2014;3,78;Careiro da Várzea;1301159
2014;3,74;Xambioá;1722107
2014;0,51;Campestre do Maranhão;2102556
2014;4,96;Vila Rica;5108600
2014;99,53;Itaituba;1503606
2014;4,11;Eldorado do Carajás;1502954
2014;0,25;Itaubal;1600253
2014;0,23;Mocajuba;1504604
2014;13,55;Nova Esperança do Piriá;1504950
2014;2,28;Manaus;1302603
2014;2,02;São Gabriel da Cachoeira;1303809
2014;28,00;Juara;5105101
2014;1,12;Bragança;1501709
2014;0,08;São Francisco do Pará;1507409
2014;1,21;Rosário;2109601
2014;1,50;Porto Franco;2109007
2014;11,21;Santarém;1506807
2014;3,90;Novo Santo Antônio;5106315
2014;7,68;Canarana;5102702
2014;1,07;São Francisco do Brejão;2110856
2014;1,21;Castanheiras;1100908
2014;221,92;Porto Velho;1100205
2014;2,44;Faro;1503002
2014;0,81;Urupá;1101708
2014;0,36;Axixá do Tocantins;1702901
2014;0,14;Curuçá;1502905
2014;1,63;Porto Alegre do Norte;5106778
2014;23,75;Santana do Araguaia;1506708
2014;6,17;Juruena;5105176
2014;1,00;Barcarena;1501303
2014;8,75;Nobres;5105903
2014;1,18;Novo Horizonte do Norte;5106273
2014;2,21;Xinguara;1508407
2014;0,10;Sítio Novo;2111805
2014;23,27;Goianésia do Pará;1503093
2014;1,15;Carutapera;2102903
2014;294,23;Altamira;1500602
2014;7,65;Tomé-Açu;1508001
2014;1,11;Montes Altos;2107001
2014;0,16;Cajari;2102507
2014;13,64;Humaitá;1301704
2014;3,90;Terra Santa;1507979
2014;0,86;Aurora do Pará;1500958
2014;0,52;Ministro Andreazza;1101203
2014;34,87;Rurópolis;1506195
2014;7,15;Gonçalves Dias;2104404
2014;0,39;Atalaia do Norte;1300201
2014;38,35;Marabá;1504208
2014;0,21;Icatu;2105104
2014;3,38;Coari;1301209
2014;0,10;Água Boa;5100201
2014;3,09;Centro do Guilherme;2103158
2014;15,51;Tefé;1304203
2014;0,48;Santana;1600600
2014;24,78;Moju;1504703
2014;0,10;Porto Estrela;5106851
2014;16,91;Vitória do Xingu;1508357
2014;16,63;Brasnorte;5101902
2014;14,41;Uruará;1508159
2014;0,32;Maranhãozinho;2106375
2014;0,17;Afuá;1500305
2014;2,97;Mâncio Lima;1200336
2014;1,19;Guajará;1301654
2014;0,51;Breves;1501808
2014;1,03;Praia Norte;1718303
2014;23,48;Almeirim;1500503
2014;0,13;Pequizeiro;1716653
2014;2,83;Barra do Bugres;5101704
2014;0,28;Itinga do Maranhão;2105427
2014;0,72;Poconé;5106505
2014;7,77;Seringueiras;1101500
2014;3,67;Ipiranga do Norte;5104526
2014;5,24;Chupinguaia;1100924
2014;0,08;Bujaru;1501907
2014;1,77;Vila Nova dos Martírios;2112852
2014;5,00;Cabixi;1100031
2014;0,90;Santa Isabel do Rio Negro;1303601
2014;3,96;Rio Maria;1506161
2014;0,53;Careiro;1301100
2014;0,59;Colorado do Oeste;1100064
2014;3,89;São Luiz;1400605
2014;1,35;Tangará da Serra;5107958
2014;15,22;Novo Mundo;5106265
2014;0,21;Cuiabá;5103403
2014;13,49;Água Azul do Norte;1500347
2014;0,09;Igarapé do Meio;2105153
2014;4,86;São Sebastião do Uatumã;1303957
2014;19,38;Itanhangá;5104542
2014;16,71;União do Sul;5108303
2014;36,42;Tarauacá;1200609
2014;2,04;Itaipava do Grajaú;2105351
2014;7,68;Assis Brasil;1200054
2014;1,24;Belterra;1501451
2014;0,08;Santo Antônio do Tauá;1507003
2014;0,43;Presidente Juscelino;2109205
2014;1,16;Rio Preto da Eva;1303569
2014;0,41;Novo Horizonte do Oeste;1100502
2014;7,02;Lagoa da Confusão;1711902
2014;5,07;Rondolândia;5107578
2014;23,47;Peixoto de Azevedo;5106422
2014;1,31;Arapoema;1702307
2014;13,98;Alto Paraíso;1100403
2014;0,74;Bacabeira;2101251
2014;4,28;Cacoal;1100049
2014;0,48;Conquista D'Oeste;5103361
2014;0,43;Serra do Navio;1600055
2014;13,65;Maués;1302900
2014;9,02;Santa Cruz do Xingu;5107743
2014;0,39;Nova Brasilândia;5106208
2014;12,44;Nova Canaã do Norte;5106216
2014;0,10;Matinha;2106508
2014;0,20;Castanhal;1502400
2014;3,02;Serra Nova Dourada;5107883
2014;2,47;São José do Xingu;5107354
2014;0,49;Tonantins;1304237
2014;8,78;Governador Luiz Rocha;2104628
2014;1,26;Caapiranga;1300839
2014;1,06;Nova Marilândia;5108857
2014;0,54;Ji-Paraná;1100122
2014;1,81;Itaguatins;1710706
2014;7,35;Guarantã do Norte;5104104
2014;3,98;Senador Guiomard;1200450
2014;8,80;Buriticupu;2102325
2014;25,57;Cumaru do Norte;1502764
2014;0,20;Aguiarnópolis;1700301
2014;5,89;Curuá;1502855
2014;0,25;Bagre;1501105
2014;3,52;Manacapuru;1302504
2014;6,37;Barreirinha;1300508
2014;0,16;Peri Mirim;2108405
2014;8,63;Brasil Novo;1501725
2014;2,45;Porto Grande;1600535
2014;19,03;Matupá;5105606
2014;2,55;Oiapoque;1600501
2014;2,67;Tapauá;1304104
2014;1,04;Alto Boa Vista;5100359
2014;0,22;São Miguel do Guamá;1507607
2014;1,45;Lucas do Rio Verde;5105259
2014;1,33;Aragominas;1701309
2014;11,98;Turiaçu;2112407
2014;1,54;Joselândia;2105609
2014;0,73;Pinheiro;2108603
2014;1,71;Canabrava do Norte;5102694
2014;8,96;Itapuã do Oeste;1101104
2014;1,42;Parauapebas;1505536
2014;53,36;Placas;1505650
2014;8,39;Tuntum;2112308
2014;18,36;Nova Lacerda;5106182
2014;10,29;Porto Acre;1200807
2014;24,91;Itaúba;5104559
2014;56,83;Buritis;1100452
2014;1,41;Cutias;1600212
2014;13,87;Costa Marques;1100080
2014;0,56;Brejo de Areia;2102150
2014;2,54;Cáceres;5102504
2014;5,69;Parintins;1303403
2014;3,53;Tucuruí;1508100
2014;5,12;Alto Alegre dos Parecis;1100379
2014;0,51;Imperatriz;2105302
2014;9,89;Tailândia;1507953
2014;8,91;Epitaciolândia;1200252
2014;1,00;Pau D'Arco;1505551
2014;0,58;Anori;1300102
2014;5,08;Pedra Branca do Amapari;1600154
2014;152,79;São Félix do Xingu;1507300
2014;5,73;Ourilândia do Norte;1505437
2014;1,99;Santa Rita;2110203
2014;32,39;Gaúcha do Norte;5103858
2014;33,42;Brasiléia;1200104
2014;0,52;Campo Novo do Parecis;5102637
2014;3,18;Mazagão;1600402
2014;0,71;Presidente Médici;1100254
2014;0,19;Primavera de Rondônia;1101476
2014;0,10;Planalto da Serra;5106455
2014;0,25;Couto Magalhães;1706001
2014;8,59;Uarini;1304260
2014;0,07;Mirassol d'Oeste;5105622
2014;2,64;Macapá;1600303
2014;0,75;Santa Luzia do Pará;1506559
2014;0,07;Irituia;1503507
2014;0,64;Vitória do Jari;1600808
2014;1,13;Rodrigues Alves;1200427
2014;14,77;Autazes;1300300
2014;2,72;Bannach;1501253
2014;1,52;Colíder;5103205
2014;0,13;São João da Ponta;1507466
2014;10,35;Ariquemes;1100023
2014;3,96;Sinop;5107909
2014;0,19;Governador Edison Lobão;2104552
2014;10,42;Vera;5108501
2014;2,70;Nhamundá;1303007
2014;25,73;Novo Aripuanã;1303304
2014;70,27;Nova Bandeirantes;5106158
2014;2,74;Jatobá;2105450
2014;0,46;Tracuateua;1508035
2014;0,55;Governador Newton Bello;2104651
2014;0,29;Viana;2112803
2014;2,95;Ulianópolis;1508126
2014;0,66;Jauru;5105002
2014;6,17;Mojuí dos Campos;1504752
2014;23,76;Confresa;5103353
2014;2,13;Bonfim;1400159
2014;0,55;Anamã;1300086
2014;2,80;Iranduba;1301852
2014;2,01;Nova Brasilândia D'Oeste;1100148
2014;0,73;Chapada dos Guimarães;5103007
2014;1,78;Ananás;1701002
2014;0,30;Ouro Preto do Oeste;1100155
2014;10,65;Cruzeiro do Sul;1200203
2014;5,83;Dom Eliseu;1502939
2014;0,24;Abaetetuba;1500107
2014;0,39;Redenção;1506138
2014;2,15;São Luís;2111300
2014;4,78;Diamantino;5103502
2014;0,06;Santa Luzia do Paruá;2110039
2014;0,10;Ourém;1505403
2014;1,17;Novo Airão;1303205
2014;21,51;Cláudia;5103056
2014;2,55;Nova Olinda do Norte;1303106
2014;3,94;Buritirana;2102358
2014;16,94;Cantá;1400175
2014;0,55;Presidente Kennedy;1718402
2014;0,17;Muricilândia;1713957
2014;22,36;São Félix do Araguaia;5107859
2014;2,33;Maraã;1302801
2014;1,39;Canaã dos Carajás;1502152
2014;0,49;Maracaçumé;2106326
2014;9,10;Fortuna;2104206
2014;2,27;Pedro Afonso;1716505
2014;2,65;Cerejeiras;1100056
2014;16,25;Canutama;1300904
2014;1,87;Oeiras do Pará;1505205
2014;3,96;Araguatins;1702208
2014;1,10;Luciara;5105309
2014;3,31;Juruá;1302207
2014;0,94;São Domingos do Capim;1507201
2014;18,46;Manoel Urbano;1200344
2014;5,33;Caseara;1703909
2014;29,79;Aveiro;1501006
2014;6,91;Jordão;1200328
2014;0,07;Carmolândia;1703883
2014;0,51;Santa Rita do Trivelato;5107768
2014;1,52;São José dos Basílios;2111250
2014;1,80;São João de Pirabas;1507474
2014;4,05;Parecis;1101450
2014;4,84;Zé Doca;2114007
2014;2,26;Tartarugalzinho;1600709
2014;0,16;Bom Jesus do Tocantins;1703305
2014;17,37;Campo Novo de Rondônia;1100700
2014;10,27;Guajará-Mirim;1100106
2014;1,54;Vale do Paraíso;1101807
2014;0,30;Rosário Oeste;5107701
2014;17,26;Caroebe;1400233
2014;13,82;Monte Negro;1101401
2014;5,31;Castanheira;5102850
2014;0,00;Santa Terezinha do Tocantins;1720002
2014;2,47;Buriti Bravo;2102309
2013;0,98;Santa Izabel do Pará;1506500
2013;0,00;Lagoa do Tocantins;1711951
2013;0,00;Central do Maranhão;2103125
2013;0,00;Filadélfia;1707702
2013;0,00;Carolina;2102804
2013;0,00;Olho d'Água das Cunhãs;2107407
2013;0,00;Benedito Leite;2101806
2013;0,00;Cristalândia;1706100
2013;0,00;Araguainha;5101209
2013;0,00;Abreulândia;1700251
2013;0,00;Fátima;1707553
2013;0,00;Miranorte;1713304
2013;0,00;Cachoeirinha;1703826
2013;0,00;Nova Olímpia;5106232
2013;0,00;Riachão;2109502
2013;0,00;São Roberto;2111672
2013;0,00;Alto Alegre do Maranhão;2100436
2013;0,00;Ponte Alta do Tocantins;1717909
2013;0,00;Muaná;1504901
2013;0,00;Teixeirópolis;1101559
2013;0,00;Sucupira do Norte;2111904
2013;0,00;São Pedro da Cipa;5107404
2013;0,00;Taipas do Tocantins;1720937
2013;0,00;Esperantinópolis;2104008
2013;0,00;Nossa Senhora do Livramento;5106109
2013;0,00;Pontal do Araguaia;5106653
2013;0,00;Buriti do Tocantins;1703800
2013;0,00;Bacuri;2101301
2013;0,00;Alto Taquari;5100607
2013;0,00;Santo Antônio do Leste;5107792
2013;0,00;Augustinópolis;1702554
2013;0,00;Santa Rita do Tocantins;1718899
2013;0,00;São Salvador do Tocantins;1720259
2013;0,00;Vitorino Freire;2113009
2013;0,00;Denise;5103452
2013;0,00;Tracuateua;1508035
2013;0,00;São Sebastião do Tocantins;1720309
2013;0,00;Porto Alegre do Tocantins;1718006
2013;0,00;Itiquira;5104609
2013;0,00;Codó;2103307
2013;0,00;Pugmil;1718451
2013;0,00;Governador Nunes Freire;2104677
2013;0,00;Lago dos Rodrigues;2105948
2013;0,00;Carrasco Bonito;1703891
2013;0,00;Palmas;1721000
2013;0,00;Paranã;1716208
2013;0,00;Porto Esperidião;5106828
2013;0,00;Tupirama;1721257
2013;0,00;Porto Rico do Maranhão;2109056
2013;0,00;Passagem Franca;2107902
2013;0,00;João Lisboa;2105500
2013;0,00;Barra do Ouro;1703073
2013;0,00;Cajapió;2102408
2013;0,00;São Domingos do Azeitão;2110658
2013;0,00;Pequizeiro;1716653
2013;0,00;Bela Vista do Maranhão;2101772
2013;0,00;Maranhãozinho;2106375
2013;0,00;Curionópolis;1502772
2013;0,00;Tocantínia;1721109
2013;0,00;São José de Ribamar;2111201
2013;0,00;Alvorada;1700707
2013;0,00;Talismã;1720978
2013;0,00;Gurupi;1709500
2013;0,00;Sucupira;1720853
2013;0,00;São Luís Gonzaga do Maranhão;2111409
2013;0,00;Torixoréu;5108204
2013;0,00;Natividade;1714203
2013;0,00;Conceição do Lago-Açu;2103554
2013;0,00;Guiratinga;5104203
2013;0,00;Goiatins;1709005
2013;0,00;Alto Garças;5100409
2013;0,00;Santa Rosa do Tocantins;1718907
2013;0,00;Lago da Pedra;2105708
2013;0,00;Santa Luzia do Paruá;2110039
2013;0,00;Pedra Preta;5106372
2013;0,00;Bragança;1501709
2013;0,00;Rio Branco;5107206
2013;0,00;Igarapé Grande;2105203
2013;0,00;Guimarães;2104909
2013;0,00;Primavera do Leste;5107040
2013;0,00;Jaú do Tocantins;1711506
2013;0,00;Alto Paraguai;5100508
2013;0,00;Ponte Alta do Bom Jesus;1717800
2013;0,00;Barra do Garças;5101803
2013;0,00;Axixá do Tocantins;1702901
2013;0,00;Santa Cruz do Arari;1506401
2013;0,00;Sapucaia;1507755
2013;0,00;Augusto Corrêa;1500909
2013;0,00;Rondonópolis;5107602
2013;0,00;Nova Rosalândia;1715002
2013;0,00;Trizidela do Vale;2112233
2013;0,00;Araguanã;1702158
2013;0,00;São Vicente Ferrer;2111706
2013;0,00;Mãe do Rio;1504059
2013;0,00;Pium;1717503
2013;0,00;Aguiarnópolis;1700301
2013;0,00;Arraias;1702406
2013;0,00;Juarina;1711803
2013;0,00;Olinda Nova do Maranhão;2107456
2013;0,00;Acorizal;5100102
2013;0,00;Bom Lugar;2102077
2013;0,00;São Mateus do Maranhão;2111508
2013;0,00;Barrolândia;1703107
2013;0,00;Tonantins;1304237
2013;0,00;Santa Terezinha do Tocantins;1720002
2013;0,00;Campos Lindos;1703842
2013;0,00;Chapada de Areia;1704600
2013;0,00;Lima Campos;2106003
2013;0,00;Bernardo Sayão;1703206
2013;0,00;Dianópolis;1707009
2013;0,00;Junco do Maranhão;2105658
2013;0,00;General Carneiro;5103908
2013;0,00;São Raimundo do Doca Bezerra;2111631
2013;0,00;Rio Sono;1718758
2013;0,00;Timbiras;2112100
2013;0,00;São Félix de Balsas;2110807
2013;0,00;Cariri do Tocantins;1703867
2013;0,00;Campinápolis;5102603
2013;0,00;Novo Acordo;1715101
2013;0,00;Soure;1507904
2013;0,00;Tabocão;1708254
2013;0,00;Bacabal;2101202
2013;0,00;Colares;1502608
2013;0,00;Arapoema;1702307
2013;0,00;São Bento;2110500
2013;0,00;Paraíso do Tocantins;1716109
2013;0,00;Nazaré;1714302
2013;0,00;Santa Maria do Tocantins;1718881
2013;0,00;Lajeado;1712009
2013;0,00;Jaciara;5104807
2013;0,00;Aurora do Tocantins;1702703
2013;0,00;Brejinho de Nazaré;1703701
2013;0,00;Silvanópolis;1720655
2013;0,00;Chapada da Natividade;1705102
2013;0,00;São Francisco do Brejão;2110856
2013;0,00;Porto Nacional;1718204
2013;0,00;Lavandeira;1712157
2013;0,00;Rio dos Bois;1718709
2013;0,00;Água Boa;5100201
2013;0,00;Altamira do Maranhão;2100402
2013;0,00;Capinzal do Norte;2102754
2013;0,00;Peritoró;2108454
2013;0,00;Limoeiro do Ajuru;1504000
2013;0,00;Santa Luzia do Pará;1506559
2013;0,00;Ipueiras;1709807
2013;0,00;Crixás do Tocantins;1706258
2013;0,00;Apicum-Açu;2100832
2013;0,00;Presidente Médici;2109239
2013;0,00;Ponte Branca;5106703
2013;0,00;Santa Tereza do Tocantins;1719004
2013;0,00;Paraibano;2107704
2013;0,00;Lago Verde;2105906
2013;0,00;Cedral;2103109
2013;0,00;Indiavaí;5104500
2013;0,00;Babaçulândia;1703008
2013;0,00;Pindorama do Tocantins;1717008
2013;0,00;Palmeirândia;2107605
2013;0,00;Alto Araguaia;5100300
2013;0,00;Pio XII;2108702
2013;0,00;Rio da Conceição;1718659
2013;0,00;Ponta de Pedras;1505700
2013;0,00;Pastos Bons;2108009
2013;0,00;São Pedro dos Crentes;2111573
2013;0,00;Colinas do Tocantins;1705508
2013;0,00;Fortaleza dos Nogueiras;2104107
2013;0,00;Alcântara;2100204
2013;0,00;Santo Antônio do Içá;1303700
2013;0,00;Paulo Ramos;2108108
2013;0,00;Araguaçu;1702000
2013;0,00;Sandolândia;1718840
2013;0,00;Aparecida do Rio Negro;1701101
2013;0,00;Tupiratins;1721307
2013;0,00;Aliança do Tocantins;1700350
2013;0,00;São Félix do Tocantins;1720150
2013;0,00;Normandia;1400407
2013;0,00;Boa Vista do Gurupi;2101970
2013;0,00;Ribeirãozinho;5107198
2013;0,00;Balsas;2101400
2013;0,00;Novo Jardim;1715259
2013;0,00;Amaturá;1300060
2013;0,00;Novo Alegre;1715150
2013;0,00;Tufilândia;2112274
2013;0,00;Vargem Grande;2112704
2013;0,00;Figueirópolis;1707652
2013;0,00;Santo Antônio dos Lopes;2110302
2013;0,00;Nova Brasilândia;5106208
2013;0,00;Miracema do Tocantins;1713205
2013;0,00;Tasso Fragoso;2112001
2013;0,00;Várzea Grande;5108402
2013;0,00;Monte do Carmo;1713601
2013;0,00;Santa Inês;2109908
2013;0,00;Tesouro;5108105
2013;0,00;Marituba;1504422
2013;0,00;Pirapemas;2108801
2013;0,00;Chapada dos Guimarães;5103007
2013;0,00;Bom Jesus do Tocantins;1703305
2013;0,00;Ananindeua;1500800
2013;0,00;Anajás;1500701
2013;0,00;Brejo de Areia;2102150
2013;0,00;Planalto da Serra;5106455
2013;0,00;Conceição do Tocantins;1705607
2013;0,00;Carutapera;2102903
2013;0,00;Carmolândia;1703883
2013;0,00;Alto Parnaíba;2100501
2013;0,00;Poção de Pedras;2108900
2013;0,00;Maracaçumé;2106326
2013;0,00;São João Batista;2111003
2013;0,00;São José do Povo;5107297
2013;0,00;Quatipuru;1506112
2013;0,00;Nova Iorque;2107308
2013;0,00;Peixe;1716604
2013;0,00;Jangada;5104906
2013;0,00;Presidente Kennedy;1718402
2013;0,00;São Raimundo das Mangabeiras;2111607
2013;0,00;Pedreiras;2108207
2013;0,00;Bandeirantes do Tocantins;1703057
2013;0,00;Mirador;2106706
2013;0,00;Mateiros;1712702
2013;0,00;Sampaio;1718808
2013;0,00;Nova Olinda;1714880
2013;0,00;Nova Colinas;2107258
2013;0,00;Glória D'Oeste;5103957
2013;0,00;Satubinha;2111722
2013;0,00;Lambari D'Oeste;5105234
2013;0,00;Oliveira de Fátima;1715507
2013;0,00;Pindaré-Mirim;2108504
2013;0,00;Coroatá;2103604
2013;0,00;Cururupu;2103703
2013;0,00;Itapiratins;1710904
2013;0,00;Novo São Joaquim;5106281
2013;0,00;Itacajá;1710508
2013;0,00;Peri Mirim;2108405
2013;0,00;Davinópolis;2103752
2013;0,00;Almas;1700400
2013;0,00;Loreto;2106102
2013;0,00;Dom Aquino;5103601
2013;0,00;Palmeirópolis;1715754
2013;0,00;São João do Soter;2111078
2013;0,00;Belém;1501402
2013;0,00;Bernardo do Mearim;2101939
2013;0,00;Sambaíba;2109700
2013;0,00;Lizarda;1712405
2013;0,00;Taguatinga;1720903
2013;0,00;Bacurituba;2101350
2013;0,00;Centenário;1704105
2013;0,00;Bequimão;2101905
2013;0,00;Feira Nova do Maranhão;2104073
2013;0,00;Lago do Junco;2105807
2013;0,00;Combinado;1705557
2013;0,00;São Valério;1720499
2013;0,79;Alvarães;1300029
2013;4,94;Theobroma;1101609
2013;5,16;Amajari;1400027
2013;0,25;Lagoa Grande do Maranhão;2105963
2013;4,90;Plácido de Castro;1200385
2013;0,08;Santarém Novo;1506906
2013;5,04;Cachoeira do Piriá;1501956
2013;0,13;Capanema;1502202
2013;0,00;Itaubal;1600253
2013;14,38;São Domingos do Maranhão;2110708
2013;1,41;Araguacema;1701903
2013;1,90;Buriti Bravo;2102309
2013;40,01;Aripuanã;5101407
2013;0,19;Boa Vista;1400100
2013;19,16;Anapu;1500859
2013;0,36;Abel Figueiredo;1500131
2013;1,20;Pimenteiras do Oeste;1101468
2013;0,41;Santa Luzia D'Oeste;1100296
2013;16,08;São Francisco do Guaporé;1101492
2013;0,15;Nortelândia;5106000
2013;0,40;Cametá;1502103
2013;6,74;Itapecuru Mirim;2105401
2013;0,35;Arenápolis;5101308
2013;10,11;Araguaína;1702109
2013;30,70;Comodoro;5103304
2013;0,30;Esperantina;1707405
2013;0,13;Salto do Céu;5107750
2013;13,67;Caracaraí;1400209
2013;18,27;Acará;1500206
2013;0,71;Godofredo Viana;2104305
2013;0,17;São Felipe D'Oeste;1101484
2013;0,23;Wanderlândia;1722081
2013;22,81;Rorainópolis;1400472
2013;0,63;Arari;2101004
2013;0,66;Araputanga;5101258
2013;11,62;Amarante do Maranhão;2100600
2013;7,67;Terra Nova do Norte;5108055
2013;0,11;Darcinópolis;1706506
2013;17,81;Alenquer;1500404
2013;14,55;Senador José Porfírio;1507805
2013;16,77;Iracema;1400282
2013;2,05;Presidente Dutra;2109106
2013;31,99;Sena Madureira;1200500
2013;0,18;Fonte Boa;1301605
2013;2,35;São Domingos do Araguaia;1507151
2013;62,47;Itupiranga;1503705
2013;13,98;Santa Terezinha;5107776
2013;21,93;Feliz Natal;5103700
2013;20,85;Santa Maria das Barreiras;1506583
2013;3,41;Formoso do Araguaia;1708205
2013;27,56;Prainha;1506005
2013;2,41;Monção;2106904
2013;1,13;Capitão Poço;1502301
2013;1,30;Mirante da Serra;1101302
2013;0,08;Cachoeira do Arari;1502004
2013;1,55;Itamarati;1301951
2013;9,48;Acrelândia;1200013
2013;42,60;Cotriguaçu;5103379
2013;1,42;Eirunepé;1301407
2013;2,52;Senador Alexandre Costa;2111748
2013;6,02;Bom Jesus do Tocantins;1501576
2013;1,65;Porto Walter;1200393
2013;0,40;Barão de Melgaço;5101605
2013;2,27;São João do Carú;2111029
2013;3,55;Piçarra;1505635
2013;0,53;Luís Domingues;2106201
2013;0,59;Dom Pedro;2103802
2013;20,09;Bom Jesus das Selvas;2102036
2013;0,23;Ribamar Fiquene;2109551
2013;0,15;Terra Alta;1507961
2013;2,41;Borba;1300805
2013;0,30;Poxoréu;5107008
2013;0,35;Amapá do Maranhão;2100550
2013;6,61;Nova Mutum;5106224
2013;0,26;São Paulo de Olivença;1303908
2013;1,35;Vale de São Domingos;5108352
2013;1,42;Alvorada D'Oeste;1100346
2013;0,87;Silves;1304005
2013;23,75;Feijó;1200302
2013;0,14;Brasilândia do Tocantins;1703602
2013;33,60;Boca do Acre;1300706
2013;0,14;Sítio Novo do Tocantins;1720804
2013;9,67;Monte Alegre;1504802
2013;0,58;Sorriso;5107925
2013;3,01;Nova Monte Verde;5108956
2013;12,02;Centro Novo do Maranhão;2103174
2013;0,07;Chaves;1502509
2013;18,31;Ipixuna do Pará;1503457
2013;0,71;Corumbiara;1100072
2013;15,47;Alto Alegre;1400050
2013;1,33;Maracanã;1504307
2013;0,15;Riachinho;1718550
2013;5,16;Rio Crespo;1100262
2013;0,40;Presidente Vargas;2109304
2013;8,37;Bujari;1200138
2013;0,24;Santa Bárbara do Pará;1506351
2013;2,11;Cocalinho;5103106
2013;5,39;Envira;1301506
2013;2,19;São Geraldo do Araguaia;1507458
2013;1,91;Graça Aranha;2104701
2013;16,01;Porto de Moz;1505908
2013;0,01;Alto Alegre do Pindaré;2100477
2013;7,54;Governador Eugênio Barros;2104602
2013;0,30;Ferreira Gomes;1600238
2013;0,08;Santo Antônio do Leverger;5107800
2013;1,27;Miranda do Norte;2106755
2013;1,85;Palestina do Pará;1505494
2013;8,59;Oriximiná;1505304
2013;6,51;Arame;2100956
2013;14,77;Nova Olinda do Maranhão;2107357
2013;18,59;Apiacás;5100805
2013;2,29;Espigão D'Oeste;1100098
2013;7,00;Alta Floresta;5100250
2013;44,20;Nova Maringá;5108907
2013;0,78;Laranjal do Jari;1600279
2013;38,01;Medicilândia;1504455
2013;0,15;Estreito;2104057
2013;0,49;Peixe-Boi;1505601
2013;155,88;Colniza;5103254
2013;6,40;Santo Afonso;5107263
2013;0,93;Cidelândia;2103257
2013;2,55;Brejo Grande do Araguaia;1501758
2013;16,99;Portel;1505809
2013;0,53;Salvaterra;1506302
2013;0,23;Primavera;1506104
2013;24,97;Santa Carmem;5107248
2013;17,48;São José do Rio Claro;5107305
2013;19,63;Rio Branco;1200401
2013;5,76;Capixaba;1200179
2013;0,23;Tabatinga;1304062
2013;0,09;Dueré;1707306
2013;0,18;Serrano do Maranhão;2111789
2013;0,00;Figueirópolis D'Oeste;5103809
2013;15,49;Óbidos;1505106
2013;1,37;Marapanim;1504406
2013;0,92;Carauari;1301001
2013;0,10;Luzinópolis;1712454
2013;1,35;Itapiranga;1302009
2013;4,68;Guaraí;1709302
2013;0,21;Reserva do Cabaçal;5107156
2013;0,07;Nova Xavantina;5106257
2013;0,34;Garrafão do Norte;1503077
2013;0,76;Fernando Falcão;2104081
2013;42,89;Manicoré;1302702
2013;10,00;Vila Bela da Santíssima Trindade;5105507
2013;0,57;Cândido Mendes;2102606
2013;0,15;Japurá;1302108
2013;12,99;Paranaíta;5106299
2013;0,16;São Miguel do Tocantins;1720200
2013;30,21;Tabaporã;5107941
2013;0,65;Manaquiri;1302553
2013;0,60;Rolim de Moura;1100288
2013;0,33;Tocantinópolis;1721208
2013;2,09;Pracuúba;1600550
2013;0,09;Raposa;2109452
2013;0,75;Santa Luzia;2110005
2013;0,91;Viseu;1508308
2013;0,40;Turilândia;2112456
2013;13,31;Porto dos Gaúchos;5106802
2013;1,42;Benjamin Constant;1300607
2013;0,94;Santa Maria do Pará;1506609
2013;0,11;Curvelândia;5103437
2013;23,90;Grajaú;2104800
2013;27,54;Juína;5105150
2013;0,19;Monte Santo do Tocantins;1713700
2013;0,45;Amapá;1600105
2013;46,91;Candeias do Jamari;1100809
2013;0,40;São João do Paraíso;2111052
2013;3,83;Governador Jorge Teixeira;1101005
2013;1,85;Jacundá;1503804
2013;81,06;Machadinho D'Oeste;1100130
2013;4,06;Cacaulândia;1100601
2013;0,32;São José dos Quatro Marcos;5107107
2013;0,01;Divinópolis do Tocantins;1707108
2013;1,24;Santa Rosa do Purus;1200435
2013;0,66;Goianorte;1708304
2013;2,05;Santa Helena;2109809
2013;0,48;São Caetano de Odivelas;1507102
2013;4,38;Carlinda;5102793
2013;0,18;Pau D'Arco;1716307
2013;2,16;Marechal Thaumaturgo;1200351
2013;2,27;Urucará;1304302
2013;0,64;Melgaço;1504505
2013;0,22;Araguaiana;5101001
2013;2,79;Pontes e Lacerda;5106752
2013;14,00;Querência;5107065
2013;0,58;Presidente Sarney;2109270
2013;6,46;Pimenta Bueno;1100189
2013;3,37;São João do Araguaia;1507508
2013;0,14;Paço do Lumiar;2107506
2013;1,65;Nova Guarita;5108808
2013;0,51;Santa Fé do Araguaia;1718865
2013;7,99;Vilhena;1100304
2013;0,17;Palmeiras do Tocantins;1713809
2013;86,11;Apuí;1300144
2013;4,09;Itacoatiara;1301902
2013;2,29;Juruti;1503903
2013;8,58;Vale do Anari;1101757
2013;6,46;Ipixuna;1301803
2013;1,97;Ribeirão Cascalheira;5107180
2013;0,44;Nova União;1101435
2013;1,00;Santa Filomena do Maranhão;2109759
2013;4,10;Presidente Figueiredo;1303536
2013;0,30;Jaru;1100114
2013;0,30;Pacaraima;1400456
2013;38,51;Mucajaí;1400308
2013;150,40;Novo Repartimento;1505064
2013;0,44;Senador La Rocque;2111763
2013;4,97;Floresta do Araguaia;1503044
2013;0,83;Uiramutã;1400704
2013;5,85;Conceição do Araguaia;1502707
2013;0,17;Formosa da Serra Negra;2104099
2013;0,74;Governador Archer;2104503
2013;0,13;Cantanhede;2102705
2013;2,99;Calçoene;1600204
2013;0,21;São Pedro da Água Branca;2111532
2013;9,69;Nova Ubiratã;5106240
2013;116,83;Lábrea;1302405
2013;0,98;Barcelos;1300409
2013;0,08;Maurilândia do Tocantins;1712801
2013;1,37;Jutaí;1302306
2013;0,97;Matões do Norte;2106631
2013;0,56;Bonito;1501600
2013;0,18;Campo Verde;5102678
2013;29,86;Pacajá;1505486
2013;22,43;Jacareacanga;1503754
2013;1,07;Codajás;1301308
2013;1,66;Marianópolis do Tocantins;1712504
2013;14,25;Bom Jardim;2102002
2013;0,42;Itaporã do Tocantins;1711100
2013;55,13;Cujubim;1100940
2013;0,73;Marajá do Sena;2106359
2013;6,25;Baião;1501204
2013;10,73;Xapuri;1200708
2013;36,61;Marcelândia;5105580
2013;0,22;Colméia;1716703
2013;16,14;Tapurah;5108006
2013;0,19;Nova Nazaré;5106174
2013;1,40;Sapezal;5107875
2013;2,40;Beruri;1300631
2013;4,51;Colinas;2103505
2013;0,80;Urucurituba;1304401
2013;1,69;Curralinho;1502806
2013;164,23;Novo Progresso;1505031
2013;0,58;Vigia;1508209
2013;5,69;Açailândia;2100055
2013;11,18;Breu Branco;1501782
2013;19,94;Paranatinga;5106307
2013;30,59;Paragominas;1505502
2013;131,55;Nova Mamoré;1100338
2013;0,88;Pedro do Rosário;2108256
2013;0,46;São Bento do Tocantins;1720101
2013;42,52;Trairão;1508050
2013;2,20;Nova Ipixuna;1504976
2013;4,76;Pauini;1303502
2013;1,44;Penalva;2108306
2013;6,65;Alta Floresta D'Oeste;1100015
2013;0,65;Gurupá;1503101
2013;0,28;Bom Jesus do Araguaia;5101852
2013;29,26;Rondon do Pará;1506187
2013;1,61;Tucumã;1508084
2013;6,66;São João da Baliza;1400506
2013;5,21;Nova Santa Helena;5106190
2013;0,56;Concórdia do Pará;1502756
2013;13,39;Barra do Corda;2101608
2013;0,44;Axixá;2101103
2013;0,07;Lajeado Novo;2105989
2013;0,69;Boa Vista do Ramos;1300680
2013;0,98;Igarapé-Miri;1503309
2013;7,71;São Miguel do Guaporé;1100320
2013;2,81;Careiro da Várzea;1301159
2013;0,18;Xambioá;1722107
2013;0,56;Campestre do Maranhão;2102556
2013;7,93;Vila Rica;5108600
2013;188,23;Itaituba;1503606
2013;4,65;Eldorado do Carajás;1502954
2013;0,16;Mocajuba;1504604
2013;6,82;Nova Esperança do Piriá;1504950
2013;2,31;Manaus;1302603
2013;1,34;São Gabriel da Cachoeira;1303809
2013;15,91;Juara;5105101
2013;0,46;São Francisco do Pará;1507409
2013;2,50;Rosário;2109601
2013;0,81;Porto Franco;2109007
2013;6,05;Santarém;1506807
2013;4,78;Novo Santo Antônio;5106315
2013;1,72;Salinópolis;1506203
2013;2,57;Canarana;5102702
2013;0,34;Castanheiras;1100908
2013;305,08;Porto Velho;1100205
2013;1,35;Faro;1503002
2013;0,69;Urupá;1101708
2013;2,30;Curuçá;1502905
2013;0,24;Inhangapi;1503408
2013;1,53;Porto Alegre do Norte;5106778
2013;39,03;Santana do Araguaia;1506708
2013;12,07;Juruena;5105176
2013;0,82;Barcarena;1501303
2013;0,07;Mirinzal;2106805
2013;0,93;Nobres;5105903
2013;0,07;Novo Horizonte do Norte;5106273
2013;0,64;Xinguara;1508407
2013;0,10;Sítio Novo;2111805
2013;38,35;Goianésia do Pará;1503093
2013;296,54;Altamira;1500602
2013;13,59;Tomé-Açu;1508001
2013;0,20;Montes Altos;2107001
2013;2,22;Cajari;2102507
2013;10,69;Humaitá;1301704
2013;2,98;Terra Santa;1507979
2013;4,70;Aurora do Pará;1500958
2013;0,34;Recursolândia;1718501
2013;0,11;Ministro Andreazza;1101203
2013;0,26;São Sebastião da Boa Vista;1507706
2013;18,76;Rurópolis;1506195
2013;0,10;Anajatuba;2100709
2013;13,35;Gonçalves Dias;2104404
2013;0,89;Atalaia do Norte;1300201
2013;80,89;Marabá;1504208
2013;0,16;Icatu;2105104
2013;4,05;Coari;1301209
2013;0,35;Centro do Guilherme;2103158
2013;2,00;Tefé;1304203
2013;0,16;Santana;1600600
2013;35,93;Moju;1504703
2013;0,15;Porto Estrela;5106851
2013;9,27;Vitória do Xingu;1508357
2013;11,95;Brasnorte;5101902
2013;47,30;Uruará;1508159
2013;0,07;Afuá;1500305
2013;2,60;Mâncio Lima;1200336
2013;3,05;Guajará;1301654
2013;1,25;Breves;1501808
2013;0,64;Praia Norte;1718303
2013;9,18;Almeirim;1500503
2013;2,47;Barra do Bugres;5101704
2013;20,26;Itinga do Maranhão;2105427
2013;0,38;Poconé;5106505
2013;10,07;Seringueiras;1101500
2013;2,75;Ipiranga do Norte;5104526
2013;4,77;Chupinguaia;1100924
2013;2,62;Bujaru;1501907
2013;0,47;Vila Nova dos Martírios;2112852
2013;1,39;Cabixi;1100031
2013;0,14;Santa Isabel do Rio Negro;1303601
2013;8,69;Rio Maria;1506161
2013;3,97;Careiro;1301100
2013;0,55;Colorado do Oeste;1100064
2013;6,79;São Luiz;1400605
2013;0,88;Tangará da Serra;5107958
2013;1,03;Cachoeira Grande;2102374
2013;14,06;Novo Mundo;5106265
2013;0,08;Cuiabá;5103403
2013;5,30;Água Azul do Norte;1500347
2013;0,52;Igarapé do Meio;2105153
2013;4,03;São Sebastião do Uatumã;1303957
2013;24,44;Itanhangá;5104542
2013;12,96;União do Sul;5108303
2013;13,94;Tarauacá;1200609
2013;0,36;Itaipava do Grajaú;2105351
2013;4,80;Assis Brasil;1200054
2013;0,68;Belterra;1501451
2013;0,46;Santo Antônio do Tauá;1507003
2013;2,16;Presidente Juscelino;2109205
2013;0,61;Rio Preto da Eva;1303569
2013;0,40;Novo Horizonte do Oeste;1100502
2013;11,63;Lagoa da Confusão;1711902
2013;51,64;Peixoto de Azevedo;5106422
2013;13,15;Rondolândia;5107578
2013;0,07;Palmeirante;1715705
2013;27,36;Alto Paraíso;1100403
2013;2,14;Bacabeira;2101251
2013;1,81;Cacoal;1100049
2013;0,14;Conquista D'Oeste;5103361
2013;0,27;Serra do Navio;1600055
2013;15,59;Maués;1302900
2013;0,38;Santa Cruz do Xingu;5107743
2013;2,06;Nova Canaã do Norte;5106216
2013;0,29;Matinha;2106508
2013;0,20;Dois Irmãos do Tocantins;1707207
2013;1,23;Castanhal;1502400
2013;16,17;Serra Nova Dourada;5107883
2013;1,66;São José do Xingu;5107354
2013;6,44;Governador Luiz Rocha;2104628
2013;0,44;Caapiranga;1300839
2013;2,71;Nova Marilândia;5108857
2013;0,16;Benevides;1501501
2013;2,81;Ji-Paraná;1100122
2013;0,58;Itaguatins;1710706
2013;8,02;Guarantã do Norte;5104104
2013;4,14;Senador Guiomard;1200450
2013;9,75;Buriticupu;2102325
2013;37,80;Cumaru do Norte;1502764
2013;1,42;Curuá;1502855
2013;0,53;Bagre;1501105
2013;0,66;Morros;2107100
2013;1,81;Manacapuru;1302504
2013;3,10;Barreirinha;1300508
2013;31,83;Brasil Novo;1501725
2013;1,87;Porto Grande;1600535
2013;17,14;Matupá;5105606
2013;4,95;Oiapoque;1600501
2013;0,41;Angico;1701051
2013;2,57;Tapauá;1304104
2013;2,07;Alto Boa Vista;5100359
2013;0,82;São Miguel do Guamá;1507607
2013;3,10;Lucas do Rio Verde;5105259
2013;3,20;Aragominas;1701309
2013;0,84;Turiaçu;2112407
2013;1,02;Joselândia;2105609
2013;1,23;Pinheiro;2108603
2013;10,84;Canabrava do Norte;5102694
2013;16,77;Itapuã do Oeste;1101104
2013;4,12;Parauapebas;1505536
2013;24,80;Placas;1505650
2013;7,04;Tuntum;2112308
2013;1,30;Vitória do Mearim;2112902
2013;13,84;Nova Lacerda;5106182
2013;3,77;Porto Acre;1200807
2013;5,03;Itaúba;5104559
2013;50,89;Buritis;1100452
2013;0,22;Cutias;1600212
2013;30,67;Costa Marques;1100080
2013;5,28;Cáceres;5102504
2013;3,85;Parintins;1303403
2013;0,82;Tucuruí;1508100
2013;4,80;Alto Alegre dos Parecis;1100379
2013;0,17;Imperatriz;2105302
2013;33,27;Tailândia;1507953
2013;6,40;Epitaciolândia;1200252
2013;1,50;Pau D'Arco;1505551
2013;0,76;Anori;1300102
2013;3,09;Pedra Branca do Amapari;1600154
2013;221,32;São Félix do Xingu;1507300
2013;4,45;Ourilândia do Norte;1505437
2013;3,54;Santa Rita;2110203
2013;25,24;Gaúcha do Norte;5103858
2013;17,19;Brasiléia;1200104
2013;0,01;Campo Novo do Parecis;5102637
2013;0,97;Mazagão;1600402
2013;0,51;Presidente Médici;1100254
2013;1,05;Primavera de Rondônia;1101476
2013;0,21;Couto Magalhães;1706001
2013;0,60;Uarini;1304260
2013;2,08;Araguanã;2100873
2013;1,01;Mirassol d'Oeste;5105622
2013;1,37;Macapá;1600303
2013;0,90;Irituia;1503507
2013;0,69;Vitória do Jari;1600808
2013;3,70;Rodrigues Alves;1200427
2013;9,27;Autazes;1300300
2013;4,59;Bannach;1501253
2013;1,09;Colíder;5103205
2013;0,67;São João da Ponta;1507466
2013;12,36;Ariquemes;1100023
2013;20,49;Sinop;5107909
2013;0,50;Governador Edison Lobão;2104552
2013;1,52;Vera;5108501
2013;2,58;Nhamundá;1303007
2013;42,86;Novo Aripuanã;1303304
2013;63,11;Nova Bandeirantes;5106158
2013;5,32;Jatobá;2105450
2013;0,21;Governador Newton Bello;2104651
2013;2,04;Viana;2112803
2013;11,12;Ulianópolis;1508126
2013;0,08;Jauru;5105002
2013;0,41;Nova Timboteua;1505007
2013;3,94;Mojuí dos Campos;1504752
2013;19,60;Confresa;5103353
2013;2,66;Bonfim;1400159
2013;0,72;Anamã;1300086
2013;2,26;Iranduba;1301852
2013;1,82;Nova Brasilândia D'Oeste;1100148
2013;0,31;Ananás;1701002
2013;0,58;Ouro Preto do Oeste;1100155
2013;5,48;Cruzeiro do Sul;1200203
2013;10,32;Dom Eliseu;1502939
2013;0,42;Abaetetuba;1500107
2013;1,31;Redenção;1506138
2013;0,27;São Luís;2111300
2013;1,90;Diamantino;5103502
2013;0,51;Campos de Júlio;5102686
2013;0,08;Ourém;1505403
2013;0,61;Novo Airão;1303205
2013;19,45;Cláudia;5103056
2013;0,85;Nova Olinda do Norte;1303106
2013;0,75;Buritirana;2102358
2013;9,55;Cantá;1400175
2013;0,26;Muricilândia;1713957
2013;16,13;São Félix do Araguaia;5107859
2013;0,58;Magalhães Barata;1504109
2013;1,16;Maraã;1302801
2013;0,35;Canaã dos Carajás;1502152
2013;7,80;Fortuna;2104206
2013;0,80;Igarapé-Açu;1503200
2013;1,27;Pedro Afonso;1716505
2013;0,64;Cerejeiras;1100056
2013;29,46;Canutama;1300904
2013;0,09;Juscimeira;5105200
2013;2,33;Oeiras do Pará;1505205
2013;1,80;Araguatins;1702208
2013;0,10;Luciara;5105309
2013;0,41;Juruá;1302207
2013;1,96;São Domingos do Capim;1507201
2013;16,33;Manoel Urbano;1200344
2013;29,33;Caseara;1703909
2013;14,07;Aveiro;1501006
2013;2,22;Jordão;1200328
2013;2,85;Santa Rita do Trivelato;5107768
2013;0,25;São José dos Basílios;2111250
2013;1,26;São João de Pirabas;1507474
2013;4,74;Parecis;1101450
2013;4,65;Zé Doca;2114007
2013;4,04;Tartarugalzinho;1600709
2013;37,28;Campo Novo de Rondônia;1100700
2013;24,29;Guajará-Mirim;1100106
2013;0,24;Vale do Paraíso;1101807
2013;0,13;Rosário Oeste;5107701
2013;9,04;Caroebe;1400233
2013;25,76;Monte Negro;1101401
2013;8,02;Castanheira;5102850
2013;3,41;Jenipapo dos Vieiras;2105476
2013;0,79;Piraquê;1717206
2012;7,47;Pimenteiras do Oeste;1101468
2012;0,00;Lagoa do Tocantins;1711951
2012;0,00;Central do Maranhão;2103125
2012;0,00;Santo Antônio do Tauá;1507003
2012;0,00;Filadélfia;1707702
2012;0,00;Bonito;1501600
2012;0,00;Carolina;2102804
2012;0,00;Olho d'Água das Cunhãs;2107407
2012;0,00;Benedito Leite;2101806
2012;0,00;Cristalândia;1706100
2012;0,00;Araguainha;5101209
2012;0,00;Abreulândia;1700251
2012;0,00;Fátima;1707553
2012;0,00;Miranorte;1713304
2012;0,00;Santarém Novo;1506906
2012;0,00;Santa Rita do Trivelato;5107768
2012;0,00;Capanema;1502202
2012;0,00;Riachão;2109502
2012;0,00;São Roberto;2111672
2012;0,00;Palmeiras do Tocantins;1713809
2012;0,00;Ponte Alta do Tocantins;1717909
2012;0,00;Sucupira do Norte;2111904
2012;0,00;São Pedro da Cipa;5107404
2012;0,00;Taipas do Tocantins;1720937
2012;0,00;Arenápolis;5101308
2012;0,00;Magalhães Barata;1504109
2012;0,00;Pontal do Araguaia;5106653
2012;0,00;Pedro do Rosário;2108256
2012;0,00;Buriti do Tocantins;1703800
2012;0,00;Bacuri;2101301
2012;0,00;Alto Taquari;5100607
2012;0,00;Santa Rita do Tocantins;1718899
2012;0,00;São Salvador do Tocantins;1720259
2012;0,00;Vitorino Freire;2113009
2012;0,00;Denise;5103452
2012;0,00;Tracuateua;1508035
2012;0,00;São Sebastião do Tocantins;1720309
2012;0,00;Porto Alegre do Tocantins;1718006
2012;0,00;Abel Figueiredo;1500131
2012;0,00;Itiquira;5104609
2012;0,00;Pugmil;1718451
2012;0,00;Governador Nunes Freire;2104677
2012;0,00;Lago dos Rodrigues;2105948
2012;0,00;Carrasco Bonito;1703891
2012;0,00;Palmas;1721000
2012;0,00;Paranã;1716208
2012;0,00;Tupirama;1721257
2012;0,00;Porto Rico do Maranhão;2109056
2012;0,00;Passagem Franca;2107902
2012;0,00;Barra do Ouro;1703073
2012;0,00;Cajapió;2102408
2012;0,00;São Domingos do Azeitão;2110658
2012;0,00;Uiramutã;1400704
2012;0,00;Bela Vista do Maranhão;2101772
2012;0,00;Tocantínia;1721109
2012;0,00;Alvorada;1700707
2012;0,00;Talismã;1720978
2012;0,00;Campos de Júlio;5102686
2012;0,00;Gurupi;1709500
2012;0,00;Sucupira;1720853
2012;0,00;Serra do Navio;1600055
2012;0,00;Torixoréu;5108204
2012;0,00;Mirinzal;2106805
2012;0,00;Natividade;1714203
2012;0,00;Conceição do Lago-Açu;2103554
2012;0,00;Guiratinga;5104203
2012;0,00;Darcinópolis;1706506
2012;0,00;Goiatins;1709005
2012;0,00;Alto Garças;5100409
2012;0,00;Santa Rosa do Tocantins;1718907
2012;0,00;Lago da Pedra;2105708
2012;0,00;Boa Vista;1400100
2012;0,00;Santa Luzia do Paruá;2110039
2012;0,00;Pedra Preta;5106372
2012;0,00;Rio Branco;5107206
2012;0,00;Igarapé Grande;2105203
2012;0,00;Guimarães;2104909
2012;0,00;Primavera do Leste;5107040
2012;0,00;Jaú do Tocantins;1711506
2012;0,00;Alto Paraguai;5100508
2012;0,00;Ponte Alta do Bom Jesus;1717800
2012;0,00;Barra do Garças;5101803
2012;0,00;Santa Cruz do Arari;1506401
2012;0,00;Divinópolis do Tocantins;1707108
2012;0,00;Sapucaia;1507755
2012;0,00;Cuiabá;5103403
2012;0,00;Augusto Corrêa;1500909
2012;0,00;Nova Rosalândia;1715002
2012;0,00;Trizidela do Vale;2112233
2012;0,00;São Vicente Ferrer;2111706
2012;0,00;Mãe do Rio;1504059
2012;0,00;Pium;1717503
2012;0,00;Pacaraima;1400456
2012;0,00;Arraias;1702406
2012;0,00;Marapanim;1504406
2012;0,00;Juarina;1711803
2012;0,00;Olinda Nova do Maranhão;2107456
2012;0,00;Acorizal;5100102
2012;0,00;Angico;1701051
2012;0,00;Bom Lugar;2102077
2012;0,00;Serrano do Maranhão;2111789
2012;0,00;Barrolândia;1703107
2012;0,00;Icatu;2105104
2012;0,00;Campos Lindos;1703842
2012;0,00;Chapada de Areia;1704600
2012;0,00;Urucurituba;1304401
2012;0,00;Araputanga;5101258
2012;0,00;Bernardo Sayão;1703206
2012;0,00;Dianópolis;1707009
2012;0,00;Junco do Maranhão;2105658
2012;0,00;General Carneiro;5103908
2012;0,00;Rio Sono;1718758
2012;0,00;São Félix de Balsas;2110807
2012;0,00;Cariri do Tocantins;1703867
2012;0,00;Campinápolis;5102603
2012;0,00;Novo Acordo;1715101
2012;0,00;Soure;1507904
2012;0,00;Tabocão;1708254
2012;0,00;Colares;1502608
2012;0,00;São Bento;2110500
2012;0,00;Paraíso do Tocantins;1716109
2012;0,00;Santa Maria do Tocantins;1718881
2012;0,00;Lajeado;1712009
2012;0,00;Aurora do Tocantins;1702703
2012;0,00;Brejinho de Nazaré;1703701
2012;0,00;Silvanópolis;1720655
2012;0,00;Chapada da Natividade;1705102
2012;0,00;Porto Nacional;1718204
2012;0,00;Lavandeira;1712157
2012;0,00;Rio dos Bois;1718709
2012;0,00;Água Boa;5100201
2012;0,00;Altamira do Maranhão;2100402
2012;0,00;Limoeiro do Ajuru;1504000
2012;0,00;Santa Luzia do Pará;1506559
2012;0,00;Monte Santo do Tocantins;1713700
2012;0,00;Amapá;1600105
2012;0,00;Ipueiras;1709807
2012;0,00;Crixás do Tocantins;1706258
2012;0,00;Apicum-Açu;2100832
2012;0,00;Presidente Médici;2109239
2012;0,00;Ponte Branca;5106703
2012;0,00;Santa Tereza do Tocantins;1719004
2012;0,00;São Pedro da Água Branca;2111532
2012;0,00;Paraibano;2107704
2012;0,00;Curvelândia;5103437
2012;0,00;Lago Verde;2105906
2012;0,00;Cedral;2103109
2012;0,00;Indiavaí;5104500
2012;0,00;Babaçulândia;1703008
2012;0,00;Pindorama do Tocantins;1717008
2012;0,00;Palmeirândia;2107605
2012;0,00;Alto Araguaia;5100300
2012;0,00;Pio XII;2108702
2012;0,00;Rio da Conceição;1718659
2012;0,00;Ponta de Pedras;1505700
2012;0,00;Campo Verde;5102678
2012;0,00;Pastos Bons;2108009
2012;0,00;Ourém;1505403
2012;0,00;São Pedro dos Crentes;2111573
2012;0,00;Araguanã;2100873
2012;0,00;Pinheiro;2108603
2012;0,00;Colinas do Tocantins;1705508
2012;0,00;Fortaleza dos Nogueiras;2104107
2012;0,00;Alcântara;2100204
2012;0,00;Turiaçu;2112407
2012;0,00;Araguaçu;1702000
2012;0,00;Aparecida do Rio Negro;1701101
2012;0,00;Tupiratins;1721307
2012;0,00;Aliança do Tocantins;1700350
2012;0,00;Estreito;2104057
2012;0,00;Santa Bárbara do Pará;1506351
2012;0,00;São Félix do Tocantins;1720150
2012;0,00;Normandia;1400407
2012;0,00;Ribeirãozinho;5107198
2012;0,00;Balsas;2101400
2012;0,00;Campo Novo do Parecis;5102637
2012;0,00;Novo Jardim;1715259
2012;0,00;Novo Alegre;1715150
2012;0,00;Figueirópolis D'Oeste;5103809
2012;0,00;Tufilândia;2112274
2012;0,00;Figueirópolis;1707652
2012;0,00;Dueré;1707306
2012;0,00;Miracema do Tocantins;1713205
2012;0,00;Cachoeira do Arari;1502004
2012;0,00;Tasso Fragoso;2112001
2012;0,00;Várzea Grande;5108402
2012;0,00;Monte do Carmo;1713601
2012;0,00;Pracuúba;1600550
2012;0,00;Santa Inês;2109908
2012;0,00;Tesouro;5108105
2012;0,00;Marituba;1504422
2012;0,00;Riachinho;1718550
2012;0,00;Bom Jesus do Tocantins;1703305
2012;0,00;Sítio Novo;2111805
2012;0,00;Planalto da Serra;5106455
2012;0,00;Conceição do Tocantins;1705607
2012;0,00;Carmolândia;1703883
2012;0,00;Alto Parnaíba;2100501
2012;0,00;Poção de Pedras;2108900
2012;0,00;Maracaçumé;2106326
2012;0,00;São João Batista;2111003
2012;0,00;São José do Povo;5107297
2012;0,00;Anajatuba;2100709
2012;0,00;Nova Iorque;2107308
2012;0,00;Benevides;1501501
2012;0,00;Peixe;1716604
2012;0,00;Jangada;5104906
2012;0,00;Wanderlândia;1722081
2012;0,00;São Raimundo das Mangabeiras;2111607
2012;0,00;Cutias;1600212
2012;0,00;Bandeirantes do Tocantins;1703057
2012;0,00;Mirador;2106706
2012;0,00;Piraquê;1717206
2012;0,00;Porto Estrela;5106851
2012;0,00;Mateiros;1712702
2012;0,00;Nova Colinas;2107258
2012;0,00;Glória D'Oeste;5103957
2012;0,00;Satubinha;2111722
2012;0,00;Oliveira de Fátima;1715507
2012;0,00;Castanheiras;1100908
2012;0,00;Pindaré-Mirim;2108504
2012;0,00;Cururupu;2103703
2012;0,00;Itapiratins;1710904
2012;0,00;Novo São Joaquim;5106281
2012;0,00;Nova Xavantina;5106257
2012;0,00;Itacajá;1710508
2012;0,00;Peri Mirim;2108405
2012;0,00;Almas;1700400
2012;0,00;Loreto;2106102
2012;0,00;Dom Aquino;5103601
2012;0,00;Palmeirópolis;1715754
2012;0,00;São João do Soter;2111078
2012;0,00;São Caetano de Odivelas;1507102
2012;0,00;Sambaíba;2109700
2012;0,00;Governador Newton Bello;2104651
2012;0,00;Lizarda;1712405
2012;0,00;Taguatinga;1720903
2012;0,00;Bacurituba;2101350
2012;0,00;Centenário;1704105
2012;0,00;Bequimão;2101905
2012;0,00;Feira Nova do Maranhão;2104073
2012;0,00;Lago do Junco;2105807
2012;0,00;Combinado;1705557
2012;0,00;São Valério;1720499
2012;0,74;Alvarães;1300029
2012;3,53;Coroatá;2103604
2012;3,03;Theobroma;1101609
2012;5,28;Amajari;1400027
2012;1,97;Lagoa Grande do Maranhão;2105963
2012;3,87;Plácido de Castro;1200385
2012;3,26;Cachoeira do Piriá;1501956
2012;0,07;Santa Izabel do Pará;1506500
2012;19,45;São Domingos do Maranhão;2110708
2012;0,08;Augustinópolis;1702554
2012;0,38;Araguacema;1701903
2012;0,83;Buriti Bravo;2102309
2012;21,39;Aripuanã;5101407
2012;15,83;Anapu;1500859
2012;0,00;Matinha;2106508
2012;2,35;Santa Luzia D'Oeste;1100296
2012;9,33;São Francisco do Guaporé;1101492
2012;0,29;Nortelândia;5106000
2012;0,48;Cametá;1502103
2012;2,90;Itapecuru Mirim;2105401
2012;1,45;Araguaína;1702109
2012;7,36;Comodoro;5103304
2012;0,27;Esperantina;1707405
2012;1,93;Salto do Céu;5107750
2012;21,99;Caracaraí;1400209
2012;4,81;Acará;1500206
2012;0,40;Godofredo Viana;2104305
2012;0,47;São Felipe D'Oeste;1101484
2012;15,50;Rorainópolis;1400472
2012;0,47;Arari;2101004
2012;6,79;Amarante do Maranhão;2100600
2012;4,32;Terra Nova do Norte;5108055
2012;14,86;Alenquer;1500404
2012;19,16;Senador José Porfírio;1507805
2012;5,86;Iracema;1400282
2012;3,48;Presidente Dutra;2109106
2012;38,45;Sena Madureira;1200500
2012;0,13;Fonte Boa;1301605
2012;0,87;São Domingos do Araguaia;1507151
2012;42,41;Itupiranga;1503705
2012;10,20;Santa Terezinha;5107776
2012;20,09;Feliz Natal;5103700
2012;7,78;Formoso do Araguaia;1708205
2012;19,23;Santa Maria das Barreiras;1506583
2012;26,38;Prainha;1506005
2012;0,97;Monção;2106904
2012;0,09;Anajás;1500701
2012;0,61;Capitão Poço;1502301
2012;2,80;Mirante da Serra;1101302
2012;1,45;Itamarati;1301951
2012;4,16;Acrelândia;1200013
2012;44,09;Cotriguaçu;5103379
2012;0,89;Eirunepé;1301407
2012;4,53;Senador Alexandre Costa;2111748
2012;1,79;Bom Jesus do Tocantins;1501576
2012;5,67;Porto Walter;1200393
2012;3,25;Barão de Melgaço;5101605
2012;0,56;São João do Carú;2111029
2012;2,33;Piçarra;1505635
2012;0,13;Luís Domingues;2106201
2012;3,38;Dom Pedro;2103802
2012;3,91;Bom Jesus das Selvas;2102036
2012;0,52;Ribamar Fiquene;2109551
2012;0,42;Terra Alta;1507961
2012;1,96;Borba;1300805
2012;0,49;Poxoréu;5107008
2012;0,48;Amapá do Maranhão;2100550
2012;11,31;Nova Mutum;5106224
2012;0,42;Nossa Senhora do Livramento;5106109
2012;0,57;São Paulo de Olivença;1303908
2012;0,33;Vale de São Domingos;5108352
2012;1,95;Alvorada D'Oeste;1100346
2012;2,40;Silves;1304005
2012;30,84;Feijó;1200302
2012;0,28;Brasilândia do Tocantins;1703602
2012;53,51;Boca do Acre;1300706
2012;0,46;Sítio Novo do Tocantins;1720804
2012;0,62;João Lisboa;2105500
2012;14,98;Monte Alegre;1504802
2012;1,71;Sorriso;5107925
2012;5,14;Nova Monte Verde;5108956
2012;0,17;Nazaré;1714302
2012;7,03;Centro Novo do Maranhão;2103174
2012;0,24;Chaves;1502509
2012;8,98;Ipixuna do Pará;1503457
2012;2,38;Corumbiara;1100072
2012;7,01;Alto Alegre;1400050
2012;0,41;Maracanã;1504307
2012;3,45;Rio Crespo;1100262
2012;0,07;Presidente Vargas;2109304
2012;10,11;Bujari;1200138
2012;1,66;Cocalinho;5103106
2012;6,68;Envira;1301506
2012;0,38;São Geraldo do Araguaia;1507458
2012;5,38;Graça Aranha;2104701
2012;20,53;Porto de Moz;1505908
2012;0,86;Alto Alegre do Pindaré;2100477
2012;6,76;Governador Eugênio Barros;2104602
2012;0,15;Ferreira Gomes;1600238
2012;0,21;Santo Antônio do Leverger;5107800
2012;0,43;Miranda do Norte;2106755
2012;1,14;Palestina do Pará;1505494
2012;4,53;Oriximiná;1505304
2012;29,85;Arame;2100956
2012;1,26;Nova Olinda do Maranhão;2107357
2012;12,14;Apiacás;5100805
2012;7,23;Espigão D'Oeste;1100098
2012;1,55;Alta Floresta;5100250
2012;5,45;Nova Maringá;5108907
2012;3,37;Laranjal do Jari;1600279
2012;20,86;Medicilândia;1504455
2012;0,59;Santo Antônio dos Lopes;2110302
2012;0,34;Peixe-Boi;1505601
2012;80,31;Colniza;5103254
2012;2,59;Santo Afonso;5107263
2012;0,24;Santo Antônio do Içá;1303700
2012;1,34;Cidelândia;2103257
2012;1,08;Brejo Grande do Araguaia;1501758
2012;12,35;Portel;1505809
2012;0,44;Salvaterra;1506302
2012;0,09;Primavera;1506104
2012;2,85;Santa Carmem;5107248
2012;0,09;Muaná;1504901
2012;7,85;São José do Rio Claro;5107305
2012;27,84;Rio Branco;1200401
2012;15,11;Capixaba;1200179
2012;0,72;Tabatinga;1304062
2012;0,10;Santo Antônio do Leste;5107792
2012;10,01;Óbidos;1505106
2012;0,27;Boa Vista do Gurupi;2101970
2012;0,53;Carauari;1301001
2012;0,06;Luzinópolis;1712454
2012;0,39;Itapiranga;1302009
2012;3,08;Guaraí;1709302
2012;0,42;Reserva do Cabaçal;5107156
2012;0,86;Garrafão do Norte;1503077
2012;1,54;Fernando Falcão;2104081
2012;0,35;Davinópolis;2103752
2012;60,46;Manicoré;1302702
2012;11,35;Vila Bela da Santíssima Trindade;5105507
2012;0,40;Cândido Mendes;2102606
2012;0,38;Japurá;1302108
2012;6,15;Paranaíta;5106299
2012;0,08;Nova Olímpia;5106232
2012;0,95;São Miguel do Tocantins;1720200
2012;15,56;Tabaporã;5107941
2012;0,07;Manaquiri;1302553
2012;1,10;Rolim de Moura;1100288
2012;0,60;Tocantinópolis;1721208
2012;0,07;Raposa;2109452
2012;1,41;Santa Luzia;2110005
2012;0,43;Viseu;1508308
2012;0,45;Turilândia;2112456
2012;7,19;Porto dos Gaúchos;5106802
2012;0,25;Benjamin Constant;1300607
2012;0,21;Santa Maria do Pará;1506609
2012;45,68;Grajaú;2104800
2012;14,06;Juína;5105150
2012;0,55;Araguanã;1702158
2012;17,62;Candeias do Jamari;1100809
2012;1,18;São João do Paraíso;2111052
2012;1,38;Governador Jorge Teixeira;1101005
2012;0,90;Jacundá;1503804
2012;65,64;Machadinho D'Oeste;1100130
2012;0,91;Cacaulândia;1100601
2012;0,61;São José dos Quatro Marcos;5107107
2012;0,79;Alto Alegre do Maranhão;2100436
2012;2,85;Santa Rosa do Purus;1200435
2012;0,41;Goianorte;1708304
2012;0,19;Santa Helena;2109809
2012;0,14;Carlinda;5102793
2012;0,22;Pau D'Arco;1716307
2012;3,67;Marechal Thaumaturgo;1200351
2012;0,49;Urucará;1304302
2012;2,19;Melgaço;1504505
2012;0,33;Araguaiana;5101001
2012;1,90;Pontes e Lacerda;5106752
2012;38,72;Querência;5107065
2012;0,09;Presidente Sarney;2109270
2012;0,19;São Luís Gonzaga do Maranhão;2111409
2012;32,60;Pimenta Bueno;1100189
2012;2,08;São João do Araguaia;1507508
2012;0,35;São Raimundo do Doca Bezerra;2111631
2012;2,15;Paço do Lumiar;2107506
2012;1,17;Nova Guarita;5108808
2012;0,60;Santa Fé do Araguaia;1718865
2012;8,73;Vilhena;1100304
2012;73,88;Apuí;1300144
2012;6,08;Itacoatiara;1301902
2012;1,43;Juruti;1503903
2012;11,96;Vale do Anari;1101757
2012;6,34;Ipixuna;1301803
2012;2,53;Ribeirão Cascalheira;5107180
2012;0,68;Nova União;1101435
2012;0,74;Santa Filomena do Maranhão;2109759
2012;5,36;Presidente Figueiredo;1303536
2012;0,42;Jaru;1100114
2012;0,72;Cachoeirinha;1703826
2012;17,56;Mucajaí;1400308
2012;120,85;Novo Repartimento;1505064
2012;2,21;Senador La Rocque;2111763
2012;0,25;Vargem Grande;2112704
2012;5,38;Floresta do Araguaia;1503044
2012;0,61;São José de Ribamar;2111201
2012;7,32;Conceição do Araguaia;1502707
2012;0,27;Formosa da Serra Negra;2104099
2012;1,52;Governador Archer;2104503
2012;2,59;Cantanhede;2102705
2012;1,11;Calçoene;1600204
2012;19,86;Nova Ubiratã;5106240
2012;83,61;Lábrea;1302405
2012;1,27;Barcelos;1300409
2012;0,18;Maurilândia do Tocantins;1712801
2012;0,67;Jutaí;1302306
2012;1,85;Matões do Norte;2106631
2012;0,40;Porto Esperidião;5106828
2012;0,67;Lambari D'Oeste;5105234
2012;33,66;Pacajá;1505486
2012;32,72;Jacareacanga;1503754
2012;0,55;Codajás;1301308
2012;1,34;Marianópolis do Tocantins;1712504
2012;21,29;Bom Jardim;2102002
2012;0,27;Itaporã do Tocantins;1711100
2012;56,92;Cujubim;1100940
2012;3,33;Marajá do Sena;2106359
2012;0,08;Ananindeua;1500800
2012;7,94;Baião;1501204
2012;18,33;Xapuri;1200708
2012;12,41;Marcelândia;5105580
2012;0,66;Colméia;1716703
2012;4,35;Tapurah;5108006
2012;0,10;Nova Nazaré;5106174
2012;0,41;Sapezal;5107875
2012;0,93;Beruri;1300631
2012;3,08;Colinas;2103505
2012;0,45;Curralinho;1502806
2012;74,00;Novo Progresso;1505031
2012;0,23;Vigia;1508209
2012;5,52;Açailândia;2100055
2012;17,12;Breu Branco;1501782
2012;10,30;Paranatinga;5106307
2012;17,08;Paragominas;1505502
2012;76,40;Nova Mamoré;1100338
2012;0,19;Amaturá;1300060
2012;0,15;São Bento do Tocantins;1720101
2012;42,25;Trairão;1508050
2012;2,58;Nova Ipixuna;1504976
2012;9,51;Pauini;1303502
2012;0,46;Penalva;2108306
2012;5,26;Alta Floresta D'Oeste;1100015
2012;3,40;Gurupá;1503101
2012;1,87;Bom Jesus do Araguaia;5101852
2012;13,87;Rondon do Pará;1506187
2012;0,96;Tucumã;1508084
2012;3,70;São João da Baliza;1400506
2012;3,20;Nova Santa Helena;5106190
2012;0,24;São Mateus do Maranhão;2111508
2012;0,59;Concórdia do Pará;1502756
2012;0,17;Paulo Ramos;2108108
2012;0,06;Rondonópolis;5107602
2012;5,20;Jenipapo dos Vieiras;2105476
2012;0,07;Axixá;2101103
2012;0,33;Lajeado Novo;2105989
2012;0,30;Boa Vista do Ramos;1300680
2012;1,03;Igarapé-Miri;1503309
2012;0,12;Santa Terezinha do Tocantins;1720002
2012;12,78;São Miguel do Guaporé;1100320
2012;4,80;Careiro da Várzea;1301159
2012;1,38;Xambioá;1722107
2012;0,20;Campestre do Maranhão;2102556
2012;29,90;Barra do Corda;2101608
2012;94,68;Itaituba;1503606
2012;2,62;Eldorado do Carajás;1502954
2012;0,26;Sampaio;1718808
2012;0,24;Itaubal;1600253
2012;0,31;Mocajuba;1504604
2012;2,57;Nova Esperança do Piriá;1504950
2012;3,89;Manaus;1302603
2012;2,66;São Gabriel da Cachoeira;1303809
2012;15,82;Juara;5105101
2012;0,21;Bragança;1501709
2012;0,24;São Francisco do Pará;1507409
2012;1,09;Rosário;2109601
2012;2,45;Porto Franco;2109007
2012;7,04;Santarém;1506807
2012;2,61;Novo Santo Antônio;5106315
2012;0,29;Salinópolis;1506203
2012;7,08;Canarana;5102702
2012;0,60;São Francisco do Brejão;2110856
2012;192,99;Porto Velho;1100205
2012;0,71;Faro;1503002
2012;0,84;Urupá;1101708
2012;0,06;Axixá do Tocantins;1702901
2012;0,07;Curuçá;1502905
2012;0,06;Inhangapi;1503408
2012;1,10;Porto Alegre do Norte;5106778
2012;22,95;Santana do Araguaia;1506708
2012;10,19;Juruena;5105176
2012;2,38;Barcarena;1501303
2012;5,66;Nobres;5105903
2012;0,08;Novo Horizonte do Norte;5106273
2012;1,44;Xinguara;1508407
2012;16,19;Goianésia do Pará;1503093
2012;0,09;Carutapera;2102903
2012;228,96;Altamira;1500602
2012;1,01;Tomé-Açu;1508001
2012;0,39;Montes Altos;2107001
2012;0,37;Cajari;2102507
2012;8,64;Humaitá;1301704
2012;0,64;Terra Santa;1507979
2012;0,88;Aurora do Pará;1500958
2012;0,37;Recursolândia;1718501
2012;0,75;Ministro Andreazza;1101203
2012;0,08;São Sebastião da Boa Vista;1507706
2012;40,62;Rurópolis;1506195
2012;18,38;Gonçalves Dias;2104404
2012;1,54;Atalaia do Norte;1300201
2012;52,62;Marabá;1504208
2012;0,96;Coari;1301209
2012;0,42;Centro do Guilherme;2103158
2012;2,91;Tefé;1304203
2012;0,19;Santana;1600600
2012;43,07;Moju;1504703
2012;5,10;Vitória do Xingu;1508357
2012;9,55;Brasnorte;5101902
2012;51,88;Uruará;1508159
2012;0,06;Maranhãozinho;2106375
2012;0,15;Afuá;1500305
2012;3,29;Mâncio Lima;1200336
2012;4,94;Guajará;1301654
2012;0,28;Breves;1501808
2012;1,13;Praia Norte;1718303
2012;19,49;Almeirim;1500503
2012;0,22;Pequizeiro;1716653
2012;3,07;Barra do Bugres;5101704
2012;6,15;Itinga do Maranhão;2105427
2012;0,41;Poconé;5106505
2012;12,58;Seringueiras;1101500
2012;1,15;Ipiranga do Norte;5104526
2012;17,41;Chupinguaia;1100924
2012;0,87;Bujaru;1501907
2012;2,26;Vila Nova dos Martírios;2112852
2012;0,99;Cabixi;1100031
2012;1,39;Santa Isabel do Rio Negro;1303601
2012;2,28;Rio Maria;1506161
2012;1,29;Careiro;1301100
2012;0,18;Colorado do Oeste;1100064
2012;4,30;São Luiz;1400605
2012;0,20;Tangará da Serra;5107958
2012;0,14;Cachoeira Grande;2102374
2012;4,18;Novo Mundo;5106265
2012;5,98;Água Azul do Norte;1500347
2012;0,29;Igarapé do Meio;2105153
2012;0,93;São Sebastião do Uatumã;1303957
2012;25,03;Itanhangá;5104542
2012;15,80;União do Sul;5108303
2012;28,83;Tarauacá;1200609
2012;3,01;Itaipava do Grajaú;2105351
2012;2,40;Assis Brasil;1200054
2012;2,29;Belterra;1501451
2012;0,63;Presidente Juscelino;2109205
2012;2,93;Rio Preto da Eva;1303569
2012;0,29;Novo Horizonte do Oeste;1100502
2012;10,08;Lagoa da Confusão;1711902
2012;38,91;Peixoto de Azevedo;5106422
2012;20,14;Rondolândia;5107578
2012;0,48;Arapoema;1702307
2012;0,07;Palmeirante;1715705
2012;13,10;Alto Paraíso;1100403
2012;2,36;Bacabeira;2101251
2012;3,34;Cacoal;1100049
2012;0,22;Conquista D'Oeste;5103361
2012;10,95;Maués;1302900
2012;1,21;Capinzal do Norte;2102754
2012;0,64;Santa Cruz do Xingu;5107743
2012;0,47;Nova Brasilândia;5106208
2012;0,71;Nova Canaã do Norte;5106216
2012;0,16;Dois Irmãos do Tocantins;1707207
2012;0,55;Castanhal;1502400
2012;2,61;Sandolândia;1718840
2012;11,07;Serra Nova Dourada;5107883
2012;19,07;São José do Xingu;5107354
2012;0,26;Tonantins;1304237
2012;8,22;Governador Luiz Rocha;2104628
2012;0,45;Caapiranga;1300839
2012;3,06;Nova Marilândia;5108857
2012;1,54;Ji-Paraná;1100122
2012;1,28;Itaguatins;1710706
2012;4,01;Guarantã do Norte;5104104
2012;2,41;Senador Guiomard;1200450
2012;5,71;Buriticupu;2102325
2012;57,78;Cumaru do Norte;1502764
2012;0,09;Aguiarnópolis;1700301
2012;2,11;Curuá;1502855
2012;0,93;Bagre;1501105
2012;0,07;Morros;2107100
2012;1,44;Manacapuru;1302504
2012;2,77;Barreirinha;1300508
2012;8,78;Brasil Novo;1501725
2012;2,70;Porto Grande;1600535
2012;13,72;Matupá;5105606
2012;2,37;Oiapoque;1600501
2012;0,67;Tapauá;1304104
2012;4,83;Alto Boa Vista;5100359
2012;1,24;São Miguel do Guamá;1507607
2012;4,82;Lucas do Rio Verde;5105259
2012;1,84;Aragominas;1701309
2012;1,49;Joselândia;2105609
2012;1,75;Canabrava do Norte;5102694
2012;12,33;Itapuã do Oeste;1101104
2012;0,66;Bernardo do Mearim;2101939
2012;4,24;Parauapebas;1505536
2012;79,58;Placas;1505650
2012;0,48;Curionópolis;1502772
2012;0,15;Teixeirópolis;1101559
2012;7,16;Codó;2103307
2012;10,24;Tuntum;2112308
2012;0,38;Vitória do Mearim;2112902
2012;6,05;Nova Lacerda;5106182
2012;12,73;Porto Acre;1200807
2012;2,05;Itaúba;5104559
2012;21,53;Buritis;1100452
2012;17,14;Costa Marques;1100080
2012;0,22;Brejo de Areia;2102150
2012;1,47;Cáceres;5102504
2012;1,33;Parintins;1303403
2012;8,55;Tucuruí;1508100
2012;2,85;Alto Alegre dos Parecis;1100379
2012;1,03;Imperatriz;2105302
2012;8,98;Tailândia;1507953
2012;12,33;Epitaciolândia;1200252
2012;1,25;Pau D'Arco;1505551
2012;0,64;Anori;1300102
2012;0,79;Pedra Branca do Amapari;1600154
2012;167,67;São Félix do Xingu;1507300
2012;4,62;Ourilândia do Norte;1505437
2012;2,49;Santa Rita;2110203
2012;0,01;Bacabal;2101202
2012;0,23;Belém;1501402
2012;10,32;Gaúcha do Norte;5103858
2012;12,89;Brasiléia;1200104
2012;0,01;Esperantinópolis;2104008
2012;4,49;Mazagão;1600402
2012;0,13;Presidente Médici;1100254
2012;0,34;Primavera de Rondônia;1101476
2012;0,54;Couto Magalhães;1706001
2012;2,03;Uarini;1304260
2012;0,97;Mirassol d'Oeste;5105622
2012;2,25;Macapá;1600303
2012;0,21;Irituia;1503507
2012;0,97;Vitória do Jari;1600808
2012;4,50;Rodrigues Alves;1200427
2012;14,40;Autazes;1300300
2012;6,86;Bannach;1501253
2012;1,99;Colíder;5103205
2012;0,03;Nova Olinda;1714880
2012;0,07;São João da Ponta;1507466
2012;7,11;Ariquemes;1100023
2012;5,95;Sinop;5107909
2012;0,09;Governador Edison Lobão;2104552
2012;2,92;Vera;5108501
2012;2,65;Nhamundá;1303007
2012;0,08;Pedreiras;2108207
2012;17,59;Novo Aripuanã;1303304
2012;0,23;Jaciara;5104807
2012;33,86;Nova Bandeirantes;5106158
2012;2,42;Jatobá;2105450
2012;0,10;Quatipuru;1506112
2012;0,19;Timbiras;2112100
2012;0,26;Viana;2112803
2012;30,67;Ulianópolis;1508126
2012;0,16;Jauru;5105002
2012;0,08;Nova Timboteua;1505007
2012;11,37;Mojuí dos Campos;1504752
2012;49,46;Confresa;5103353
2012;2,50;Bonfim;1400159
2012;0,65;Anamã;1300086
2012;1,02;Iranduba;1301852
2012;2,19;Nova Brasilândia D'Oeste;1100148
2012;0,49;Chapada dos Guimarães;5103007
2012;0,33;Ananás;1701002
2012;0,57;Ouro Preto do Oeste;1100155
2012;9,46;Cruzeiro do Sul;1200203
2012;29,44;Dom Eliseu;1502939
2012;2,24;Abaetetuba;1500107
2012;2,30;Redenção;1506138
2012;0,25;São Luís;2111300
2012;1,50;Diamantino;5103502
2012;1,21;Peritoró;2108454
2012;0,45;Novo Airão;1303205
2012;3,95;Cláudia;5103056
2012;2,17;Nova Olinda do Norte;1303106
2012;1,79;Buritirana;2102358
2012;12,36;Cantá;1400175
2012;0,31;Presidente Kennedy;1718402
2012;0,45;Muricilândia;1713957
2012;1,75;Pirapemas;2108801
2012;0,57;Lima Campos;2106003
2012;17,65;São Félix do Araguaia;5107859
2012;0,76;Maraã;1302801
2012;0,27;Canaã dos Carajás;1502152
2012;2,63;Fortuna;2104206
2012;0,14;Igarapé-Açu;1503200
2012;2,69;Pedro Afonso;1716505
2012;1,26;Cerejeiras;1100056
2012;52,65;Canutama;1300904
2012;0,07;Juscimeira;5105200
2012;3,25;Oeiras do Pará;1505205
2012;1,78;Araguatins;1702208
2012;0,40;Luciara;5105309
2012;0,42;Juruá;1302207
2012;0,88;São Domingos do Capim;1507201
2012;13,68;Manoel Urbano;1200344
2012;0,72;Caseara;1703909
2012;15,90;Aveiro;1501006
2012;7,03;Jordão;1200328
2012;0,34;São José dos Basílios;2111250
2012;1,00;São João de Pirabas;1507474
2012;19,88;Parecis;1101450
2012;1,54;Zé Doca;2114007
2012;0,68;Tartarugalzinho;1600709
2012;13,56;Campo Novo de Rondônia;1100700
2012;6,86;Guajará-Mirim;1100106
2012;0,63;Vale do Paraíso;1101807
2012;0,00;Rosário Oeste;5107701
2012;11,34;Caroebe;1400233
2012;8,51;Monte Negro;1101401
2012;11,43;Castanheira;5102850
2012;11,59;Vila Rica;5108600
2011;0,73;Castanheiras;1100908
2011;0,31;Anajás;1500701
2011;0,00;Filadélfia;1707702
2011;0,00;Carolina;2102804
2011;0,00;Olho d'Água das Cunhãs;2107407
2011;0,00;Benedito Leite;2101806
2011;0,00;Cristalândia;1706100
2011;0,00;Araguainha;5101209
2011;0,00;Abreulândia;1700251
2011;0,00;Fátima;1707553
2011;0,00;Miranorte;1713304
2011;0,00;Riachão;2109502
2011;0,00;São Roberto;2111672
2011;0,00;Ponte Alta do Tocantins;1717909
2011;0,00;Sucupira do Norte;2111904
2011;0,00;São Pedro da Cipa;5107404
2011;0,00;Taipas do Tocantins;1720937
2011;0,00;Arenápolis;5101308
2011;0,00;Esperantinópolis;2104008
2011;0,00;Pontal do Araguaia;5106653
2011;0,00;Buriti do Tocantins;1703800
2011;0,00;Bacuri;2101301
2011;0,00;Alto Taquari;5100607
2011;0,00;Santo Antônio do Leste;5107792
2011;0,00;São Salvador do Tocantins;1720259
2011;0,00;Palmeirante;1715705
2011;0,00;Vitorino Freire;2113009
2011;0,00;Denise;5103452
2011;0,00;São Sebastião do Tocantins;1720309
2011;0,00;Porto Alegre do Tocantins;1718006
2011;0,00;Itiquira;5104609
2011;0,00;Pugmil;1718451
2011;0,00;Lago dos Rodrigues;2105948
2011;0,00;Carrasco Bonito;1703891
2011;0,00;Rosário Oeste;5107701
2011;0,00;Palmas;1721000
2011;0,00;Paranã;1716208
2011;0,00;Tupirama;1721257
2011;0,00;Porto Rico do Maranhão;2109056
2011;0,00;Passagem Franca;2107902
2011;0,00;Barra do Ouro;1703073
2011;0,00;Cajapió;2102408
2011;0,00;São Domingos do Azeitão;2110658
2011;0,00;Bela Vista do Maranhão;2101772
2011;0,00;Tocantínia;1721109
2011;0,00;Alvorada;1700707
2011;0,00;Talismã;1720978
2011;0,00;Gurupi;1709500
2011;0,00;Raposa;2109452
2011;0,00;Sucupira;1720853
2011;0,00;Torixoréu;5108204
2011;0,00;Mirinzal;2106805
2011;0,00;Natividade;1714203
2011;0,00;Conceição do Lago-Açu;2103554
2011;0,00;Guiratinga;5104203
2011;0,00;Goiatins;1709005
2011;0,00;Alto Garças;5100409
2011;0,00;Santa Rosa do Tocantins;1718907
2011;0,00;Lago da Pedra;2105708
2011;0,00;Pedra Preta;5106372
2011;0,00;Rio Branco;5107206
2011;0,00;Igarapé Grande;2105203
2011;0,00;Guimarães;2104909
2011;0,00;Primavera do Leste;5107040
2011;0,00;Jaú do Tocantins;1711506
2011;0,00;Ponte Alta do Bom Jesus;1717800
2011;0,00;Barra do Garças;5101803
2011;0,00;Igarapé do Meio;2105153
2011;0,00;Santa Cruz do Arari;1506401
2011;0,00;Divinópolis do Tocantins;1707108
2011;0,00;Sapucaia;1507755
2011;0,00;Augusto Corrêa;1500909
2011;0,00;Nova Rosalândia;1715002
2011;0,00;São Vicente Ferrer;2111706
2011;0,00;Pium;1717503
2011;0,00;Arraias;1702406
2011;0,00;Juarina;1711803
2011;0,00;Olinda Nova do Maranhão;2107456
2011;0,00;Acorizal;5100102
2011;0,00;Inhangapi;1503408
2011;0,00;Primavera de Rondônia;1101476
2011;0,00;Afuá;1500305
2011;0,00;Bom Lugar;2102077
2011;0,00;Serrano do Maranhão;2111789
2011;0,00;Barrolândia;1703107
2011;0,00;Santa Terezinha do Tocantins;1720002
2011;0,00;Campos Lindos;1703842
2011;0,00;Chapada de Areia;1704600
2011;0,00;Bernardo Sayão;1703206
2011;0,00;Dianópolis;1707009
2011;0,00;General Carneiro;5103908
2011;0,00;São Raimundo do Doca Bezerra;2111631
2011;0,00;Rio Sono;1718758
2011;0,00;São Félix de Balsas;2110807
2011;0,00;Cariri do Tocantins;1703867
2011;0,00;Campinápolis;5102603
2011;0,00;Novo Acordo;1715101
2011;0,00;Soure;1507904
2011;0,00;Tabocão;1708254
2011;0,00;Luciara;5105309
2011;0,00;Luzinópolis;1712454
2011;0,00;Brasilândia do Tocantins;1703602
2011;0,00;São Bento;2110500
2011;0,00;Paraíso do Tocantins;1716109
2011;0,00;Santa Maria do Tocantins;1718881
2011;0,00;Lajeado;1712009
2011;0,00;Goianorte;1708304
2011;0,00;Aurora do Tocantins;1702703
2011;0,00;Brejinho de Nazaré;1703701
2011;0,00;Silvanópolis;1720655
2011;0,00;Chapada da Natividade;1705102
2011;0,00;Porto Nacional;1718204
2011;0,00;Lavandeira;1712157
2011;0,00;Rio dos Bois;1718709
2011;0,00;Altamira do Maranhão;2100402
2011;0,00;Poconé;5106505
2011;0,00;Monte Santo do Tocantins;1713700
2011;0,00;Ipueiras;1709807
2011;0,00;Crixás do Tocantins;1706258
2011;0,00;Apicum-Açu;2100832
2011;0,00;Ponte Branca;5106703
2011;0,00;Santa Tereza do Tocantins;1719004
2011;0,00;Paraibano;2107704
2011;0,00;Curvelândia;5103437
2011;0,00;Lago Verde;2105906
2011;0,00;Cedral;2103109
2011;0,00;Indiavaí;5104500
2011;0,00;Babaçulândia;1703008
2011;0,00;Pindorama do Tocantins;1717008
2011;0,00;Alto Araguaia;5100300
2011;0,00;Pio XII;2108702
2011;0,00;Rio da Conceição;1718659
2011;0,00;Araguaiana;5101001
2011;0,00;Pastos Bons;2108009
2011;0,00;São Pedro dos Crentes;2111573
2011;0,00;Araguanã;2100873
2011;0,00;Fortaleza dos Nogueiras;2104107
2011;0,00;Alcântara;2100204
2011;0,00;Araguaçu;1702000
2011;0,00;Santa Maria do Pará;1506609
2011;0,00;Sandolândia;1718840
2011;0,00;Aparecida do Rio Negro;1701101
2011;0,00;Tupiratins;1721307
2011;0,00;Aliança do Tocantins;1700350
2011;0,00;Estreito;2104057
2011;0,00;São Félix do Tocantins;1720150
2011;0,00;Normandia;1400407
2011;0,00;Ribeirãozinho;5107198
2011;0,00;Balsas;2101400
2011;0,00;Novo Jardim;1715259
2011;0,00;Colméia;1716703
2011;0,00;Novo Alegre;1715150
2011;0,00;Tufilândia;2112274
2011;0,00;Figueirópolis;1707652
2011;0,00;Alto Alegre do Pindaré;2100477
2011;0,00;Dueré;1707306
2011;0,00;São Sebastião da Boa Vista;1507706
2011;0,00;São Felipe D'Oeste;1101484
2011;0,00;Miracema do Tocantins;1713205
2011;0,00;Tasso Fragoso;2112001
2011;0,00;Várzea Grande;5108402
2011;0,00;Monte do Carmo;1713601
2011;0,00;Santa Inês;2109908
2011;0,00;Tesouro;5108105
2011;0,00;Bom Jesus do Tocantins;1703305
2011;0,00;Ananindeua;1500800
2011;0,00;Conceição do Tocantins;1705607
2011;0,00;Alto Parnaíba;2100501
2011;0,00;São João Batista;2111003
2011;0,00;São José do Povo;5107297
2011;0,00;Quatipuru;1506112
2011;0,00;Nova Iorque;2107308
2011;0,00;Benevides;1501501
2011;0,00;Peixe;1716604
2011;0,00;Jangada;5104906
2011;0,00;São Raimundo das Mangabeiras;2111607
2011;0,00;Mirador;2106706
2011;0,00;Porto Estrela;5106851
2011;0,00;Mateiros;1712702
2011;0,00;Nova Colinas;2107258
2011;0,00;Glória D'Oeste;5103957
2011;0,00;Vale de São Domingos;5108352
2011;0,00;Satubinha;2111722
2011;0,00;Oliveira de Fátima;1715507
2011;0,00;Pindaré-Mirim;2108504
2011;0,00;Cururupu;2103703
2011;0,00;Itapiratins;1710904
2011;0,00;Novo São Joaquim;5106281
2011;0,00;Nova Xavantina;5106257
2011;0,00;Itacajá;1710508
2011;0,00;Almas;1700400
2011;0,00;Loreto;2106102
2011;0,00;Dom Aquino;5103601
2011;0,00;Palmeirópolis;1715754
2011;0,00;Sambaíba;2109700
2011;0,00;Lizarda;1712405
2011;0,00;Taguatinga;1720903
2011;0,00;Bacurituba;2101350
2011;0,00;Centenário;1704105
2011;0,00;Morros;2107100
2011;0,00;Bequimão;2101905
2011;0,00;Feira Nova do Maranhão;2104073
2011;0,00;Lago do Junco;2105807
2011;0,00;Combinado;1705557
2011;0,00;São Valério;1720499
2011;2,34;Alvarães;1300029
2011;6,33;Coroatá;2103604
2011;2,23;Theobroma;1101609
2011;12,60;Amajari;1400027
2011;0,75;Lagoa Grande do Maranhão;2105963
2011;0,02;Trizidela do Vale;2112233
2011;0,16;Colinas do Tocantins;1705508
2011;6,95;Plácido de Castro;1200385
2011;0,18;Santarém Novo;1506906
2011;24,35;Cachoeira do Piriá;1501956
2011;1,42;Capanema;1502202
2011;0,36;Santa Izabel do Pará;1506500
2011;7,30;São Domingos do Maranhão;2110708
2011;0,08;Augustinópolis;1702554
2011;0,63;Araguacema;1701903
2011;1,60;Buriti Bravo;2102309
2011;34,05;Aripuanã;5101407
2011;0,20;Boa Vista;1400100
2011;223,27;Anapu;1500859
2011;0,44;Abel Figueiredo;1500131
2011;6,34;Pimenteiras do Oeste;1101468
2011;0,16;Santa Luzia D'Oeste;1100296
2011;14,03;São Francisco do Guaporé;1101492
2011;0,57;Nortelândia;5106000
2011;1,38;Cametá;1502103
2011;6,40;Itapecuru Mirim;2105401
2011;1,39;Araguaína;1702109
2011;17,72;Comodoro;5103304
2011;0,13;Esperantina;1707405
2011;1,57;Salto do Céu;5107750
2011;22,13;Caracaraí;1400209
2011;15,01;Acará;1500206
2011;0,69;Godofredo Viana;2104305
2011;0,59;Wanderlândia;1722081
2011;10,80;Rorainópolis;1400472
2011;0,76;Arari;2101004
2011;0,28;Araputanga;5101258
2011;15,28;Amarante do Maranhão;2100600
2011;4,48;Terra Nova do Norte;5108055
2011;0,07;Darcinópolis;1706506
2011;21,87;Alenquer;1500404
2011;100,47;Senador José Porfírio;1507805
2011;7,17;Iracema;1400282
2011;0,98;Presidente Dutra;2109106
2011;39,39;Sena Madureira;1200500
2011;0,96;Fonte Boa;1301605
2011;1,93;São Domingos do Araguaia;1507151
2011;58,94;Itupiranga;1503705
2011;12,06;Santa Terezinha;5107776
2011;27,47;Feliz Natal;5103700
2011;32,94;Santa Maria das Barreiras;1506583
2011;1,24;Formoso do Araguaia;1708205
2011;18,16;Prainha;1506005
2011;1,64;Monção;2106904
2011;0,00;Central do Maranhão;2103125
2011;9,21;Capitão Poço;1502301
2011;0,55;Mirante da Serra;1101302
2011;0,21;Cachoeira do Arari;1502004
2011;1,47;Itamarati;1301951
2011;15,94;Acrelândia;1200013
2011;21,37;Cotriguaçu;5103379
2011;3,32;Eirunepé;1301407
2011;4,90;Senador Alexandre Costa;2111748
2011;2,29;Bom Jesus do Tocantins;1501576
2011;10,58;Porto Walter;1200393
2011;1,83;Barão de Melgaço;5101605
2011;4,37;São João do Carú;2111029
2011;3,52;Piçarra;1505635
2011;2,04;Luís Domingues;2106201
2011;1,86;Dom Pedro;2103802
2011;4,06;Bom Jesus das Selvas;2102036
2011;0,44;Ribamar Fiquene;2109551
2011;0,16;Terra Alta;1507961
2011;11,70;Borba;1300805
2011;0,42;Poxoréu;5107008
2011;3,18;Amapá do Maranhão;2100550
2011;9,49;Nova Mutum;5106224
2011;0,09;Nossa Senhora do Livramento;5106109
2011;0,93;São Paulo de Olivença;1303908
2011;2,29;Alvorada D'Oeste;1100346
2011;1,74;Silves;1304005
2011;23,32;Feijó;1200302
2011;58,60;Boca do Acre;1300706
2011;0,98;Sítio Novo do Tocantins;1720804
2011;1,23;João Lisboa;2105500
2011;10,85;Monte Alegre;1504802
2011;0,71;Sorriso;5107925
2011;3,58;Nova Monte Verde;5108956
2011;0,07;Santa Rita do Tocantins;1718899
2011;0,08;Nazaré;1714302
2011;29,40;Centro Novo do Maranhão;2103174
2011;0,12;Chaves;1502509
2011;14,35;Ipixuna do Pará;1503457
2011;3,15;Corumbiara;1100072
2011;11,29;Alto Alegre;1400050
2011;0,59;Maracanã;1504307
2011;0,19;Riachinho;1718550
2011;2,72;Rio Crespo;1100262
2011;0,70;Presidente Vargas;2109304
2011;9,57;Bujari;1200138
2011;0,10;Santa Bárbara do Pará;1506351
2011;1,50;Cocalinho;5103106
2011;7,06;Envira;1301506
2011;0,95;São Geraldo do Araguaia;1507458
2011;3,37;Graça Aranha;2104701
2011;19,36;Porto de Moz;1505908
2011;6,67;Governador Eugênio Barros;2104602
2011;0,51;Ferreira Gomes;1600238
2011;0,77;Santo Antônio do Leverger;5107800
2011;1,17;Miranda do Norte;2106755
2011;1,02;Palestina do Pará;1505494
2011;12,29;Oriximiná;1505304
2011;11,83;Arame;2100956
2011;4,65;Nova Olinda do Maranhão;2107357
2011;14,10;Apiacás;5100805
2011;1,49;Espigão D'Oeste;1100098
2011;5,66;Alta Floresta;5100250
2011;8,86;Nova Maringá;5108907
2011;1,73;Laranjal do Jari;1600279
2011;29,06;Medicilândia;1504455
2011;1,68;Santo Antônio dos Lopes;2110302
2011;0,39;Peixe-Boi;1505601
2011;86,88;Colniza;5103254
2011;2,34;Santo Afonso;5107263
2011;2,78;Santo Antônio do Içá;1303700
2011;0,22;Ponta de Pedras;1505700
2011;2,35;Cidelândia;2103257
2011;2,16;Brejo Grande do Araguaia;1501758
2011;73,02;Portel;1505809
2011;1,06;Salvaterra;1506302
2011;0,58;Primavera;1506104
2011;10,19;Santa Carmem;5107248
2011;0,12;Muaná;1504901
2011;12,03;São José do Rio Claro;5107305
2011;41,92;Rio Branco;1200401
2011;9,46;Capixaba;1200179
2011;0,87;Tabatinga;1304062
2011;0,05;Bandeirantes do Tocantins;1703057
2011;0,31;Figueirópolis D'Oeste;5103809
2011;15,61;Óbidos;1505106
2011;0,46;Junco do Maranhão;2105658
2011;0,23;Marapanim;1504406
2011;1,21;Boa Vista do Gurupi;2101970
2011;0,46;Carauari;1301001
2011;1,11;Itapiranga;1302009
2011;0,12;Palmeirândia;2107605
2011;0,92;Guaraí;1709302
2011;1,72;Reserva do Cabaçal;5107156
2011;9,83;Garrafão do Norte;1503077
2011;2,24;Fernando Falcão;2104081
2011;1,29;Davinópolis;2103752
2011;54,64;Manicoré;1302702
2011;17,77;Vila Bela da Santíssima Trindade;5105507
2011;0,86;Cândido Mendes;2102606
2011;1,33;Japurá;1302108
2011;16,10;Paranaíta;5106299
2011;0,18;Nova Olímpia;5106232
2011;0,66;São Miguel do Tocantins;1720200
2011;13,13;Tabaporã;5107941
2011;1,66;Manaquiri;1302553
2011;0,73;Rolim de Moura;1100288
2011;0,38;Tocantinópolis;1721208
2011;0,66;Pracuúba;1600550
2011;3,93;Santa Luzia;2110005
2011;3,70;Viseu;1508308
2011;9,76;Turilândia;2112456
2011;20,11;Porto dos Gaúchos;5106802
2011;0,89;Benjamin Constant;1300607
2011;57,75;Grajaú;2104800
2011;7,33;Juína;5105150
2011;0,28;Presidente Médici;2109239
2011;0,24;Araguanã;1702158
2011;0,21;Amapá;1600105
2011;17,91;Candeias do Jamari;1100809
2011;0,82;São João do Paraíso;2111052
2011;2,15;Governador Jorge Teixeira;1101005
2011;2,30;Jacundá;1503804
2011;54,29;Machadinho D'Oeste;1100130
2011;1,30;Cacaulândia;1100601
2011;1,00;São José dos Quatro Marcos;5107107
2011;0,74;Alto Alegre do Maranhão;2100436
2011;2,88;Santa Rosa do Purus;1200435
2011;3,52;Santa Helena;2109809
2011;0,40;São Caetano de Odivelas;1507102
2011;0,75;Carlinda;5102793
2011;0,21;Pau D'Arco;1716307
2011;10,89;Marechal Thaumaturgo;1200351
2011;1,84;Urucará;1304302
2011;0,43;Melgaço;1504505
2011;3,12;Pontes e Lacerda;5106752
2011;14,80;Querência;5107065
2011;3,60;Presidente Sarney;2109270
2011;0,15;São Luís Gonzaga do Maranhão;2111409
2011;4,26;Pimenta Bueno;1100189
2011;3,07;São João do Araguaia;1507508
2011;0,86;Paço do Lumiar;2107506
2011;1,28;Nova Guarita;5108808
2011;0,68;Santa Fé do Araguaia;1718865
2011;7,88;Vilhena;1100304
2011;0,06;Palmeiras do Tocantins;1713809
2011;48,52;Apuí;1300144
2011;17,55;Itacoatiara;1301902
2011;6,11;Juruti;1503903
2011;7,04;Vale do Anari;1101757
2011;2,33;Ipixuna;1301803
2011;8,31;Ribeirão Cascalheira;5107180
2011;1,09;Nova União;1101435
2011;1,09;Santa Filomena do Maranhão;2109759
2011;11,68;Presidente Figueiredo;1303536
2011;0,88;Jaru;1100114
2011;0,15;Cachoeirinha;1703826
2011;0,23;Pacaraima;1400456
2011;26,78;Mucajaí;1400308
2011;181,86;Novo Repartimento;1505064
2011;2,37;Senador La Rocque;2111763
2011;0,75;Vargem Grande;2112704
2011;4,01;Floresta do Araguaia;1503044
2011;0,46;São José de Ribamar;2111201
2011;0,70;Uiramutã;1400704
2011;5,17;Conceição do Araguaia;1502707
2011;0,08;Formosa da Serra Negra;2104099
2011;0,80;Governador Archer;2104503
2011;4,36;Cantanhede;2102705
2011;1,03;Calçoene;1600204
2011;0,23;São Pedro da Água Branca;2111532
2011;94,14;Nova Ubiratã;5106240
2011;75,08;Lábrea;1302405
2011;1,54;Barcelos;1300409
2011;0,17;Maurilândia do Tocantins;1712801
2011;3,07;Jutaí;1302306
2011;0,16;Alto Paraguai;5100508
2011;1,92;Matões do Norte;2106631
2011;1,73;Bonito;1501600
2011;1,13;Porto Esperidião;5106828
2011;0,21;Campo Verde;5102678
2011;1,24;Lambari D'Oeste;5105234
2011;196,72;Pacajá;1505486
2011;28,14;Jacareacanga;1503754
2011;0,81;Codajás;1301308
2011;1,17;Marianópolis do Tocantins;1712504
2011;8,71;Bom Jardim;2102002
2011;0,15;Itaporã do Tocantins;1711100
2011;47,18;Cujubim;1100940
2011;4,09;Marajá do Sena;2106359
2011;7,45;Baião;1501204
2011;14,76;Xapuri;1200708
2011;20,65;Marcelândia;5105580
2011;19,83;Tapurah;5108006
2011;0,66;Nova Nazaré;5106174
2011;0,07;Marituba;1504422
2011;0,29;Sapezal;5107875
2011;2,09;Beruri;1300631
2011;2,23;Colinas;2103505
2011;0,56;Urucurituba;1304401
2011;1,37;Curralinho;1502806
2011;53,14;Novo Progresso;1505031
2011;0,24;Vigia;1508209
2011;8,41;Açailândia;2100055
2011;14,78;Breu Branco;1501782
2011;4,20;Paranatinga;5106307
2011;35,13;Paragominas;1505502
2011;75,82;Nova Mamoré;1100338
2011;0,97;Pedro do Rosário;2108256
2011;1,51;Amaturá;1300060
2011;0,10;São Bento do Tocantins;1720101
2011;49,64;Trairão;1508050
2011;5,32;Nova Ipixuna;1504976
2011;5,71;Pauini;1303502
2011;2,08;Penalva;2108306
2011;6,81;Alta Floresta D'Oeste;1100015
2011;0,58;Gurupá;1503101
2011;12,23;Bom Jesus do Araguaia;5101852
2011;0,46;Governador Nunes Freire;2104677
2011;26,36;Rondon do Pará;1506187
2011;1,65;Tucumã;1508084
2011;5,04;São João da Baliza;1400506
2011;3,95;Nova Santa Helena;5106190
2011;0,30;São Mateus do Maranhão;2111508
2011;0,56;Concórdia do Pará;1502756
2011;0,30;Paulo Ramos;2108108
2011;0,27;Rondonópolis;5107602
2011;3,30;Jenipapo dos Vieiras;2105476
2011;0,18;Axixá;2101103
2011;0,58;Lajeado Novo;2105989
2011;1,39;Boa Vista do Ramos;1300680
2011;2,72;Igarapé-Miri;1503309
2011;5,36;São Miguel do Guaporé;1100320
2011;12,20;Careiro da Várzea;1301159
2011;1,59;Xambioá;1722107
2011;0,50;Campestre do Maranhão;2102556
2011;12,51;Vila Rica;5108600
2011;89,41;Itaituba;1503606
2011;5,30;Eldorado do Carajás;1502954
2011;0,08;Sampaio;1718808
2011;0,42;Itaubal;1600253
2011;0,57;Mocajuba;1504604
2011;33,10;Nova Esperança do Piriá;1504950
2011;2,19;Manaus;1302603
2011;4,00;São Gabriel da Cachoeira;1303809
2011;57,00;Juara;5105101
2011;0,89;Bragança;1501709
2011;0,17;São Francisco do Pará;1507409
2011;2,48;Rosário;2109601
2011;1,36;Porto Franco;2109007
2011;10,95;Santarém;1506807
2011;12,14;Novo Santo Antônio;5106315
2011;0,40;Salinópolis;1506203
2011;0,06;Mãe do Rio;1504059
2011;1,96;Canarana;5102702
2011;1,15;São Francisco do Brejão;2110856
2011;1,03;Piraquê;1717206
2011;318,90;Porto Velho;1100205
2011;3,01;Faro;1503002
2011;1,16;Urupá;1101708
2011;0,07;Axixá do Tocantins;1702901
2011;0,41;Curuçá;1502905
2011;3,79;Porto Alegre do Norte;5106778
2011;33,12;Santana do Araguaia;1506708
2011;6,22;Juruena;5105176
2011;1,01;Barcarena;1501303
2011;0,43;Nobres;5105903
2011;0,39;Novo Horizonte do Norte;5106273
2011;0,83;Xinguara;1508407
2011;0,07;Sítio Novo;2111805
2011;21,45;Goianésia do Pará;1503093
2011;2,07;Carutapera;2102903
2011;249,90;Altamira;1500602
2011;6,25;Tomé-Açu;1508001
2011;0,79;Montes Altos;2107001
2011;0,89;Cajari;2102507
2011;11,00;Humaitá;1301704
2011;1,39;Terra Santa;1507979
2011;6,79;Aurora do Pará;1500958
2011;0,09;Recursolândia;1718501
2011;0,41;Ministro Andreazza;1101203
2011;40,98;Rurópolis;1506195
2011;0,52;Anajatuba;2100709
2011;9,73;Gonçalves Dias;2104404
2011;1,58;Atalaia do Norte;1300201
2011;64,59;Marabá;1504208
2011;0,15;Icatu;2105104
2011;3,81;Coari;1301209
2011;0,11;Água Boa;5100201
2011;5,06;Centro do Guilherme;2103158
2011;3,42;Tefé;1304203
2011;0,10;Santana;1600600
2011;42,60;Moju;1504703
2011;53,12;Vitória do Xingu;1508357
2011;13,56;Brasnorte;5101902
2011;0,00;São João do Soter;2111078
2011;38,31;Uruará;1508159
2011;0,40;Maranhãozinho;2106375
2011;11,61;Mâncio Lima;1200336
2011;6,53;Guajará;1301654
2011;0,64;Breves;1501808
2011;2,41;Praia Norte;1718303
2011;6,49;Almeirim;1500503
2011;0,11;Pequizeiro;1716653
2011;4,54;Barra do Bugres;5101704
2011;4,38;Itinga do Maranhão;2105427
2011;7,87;Seringueiras;1101500
2011;11,37;Ipiranga do Norte;5104526
2011;4,24;Chupinguaia;1100924
2011;1,65;Bujaru;1501907
2011;1,02;Vila Nova dos Martírios;2112852
2011;0,74;Cabixi;1100031
2011;1,87;Santa Isabel do Rio Negro;1303601
2011;2,78;Rio Maria;1506161
2011;4,80;Careiro;1301100
2011;0,74;Colorado do Oeste;1100064
2011;5,42;São Luiz;1400605
2011;0,46;Tangará da Serra;5107958
2011;0,45;Cachoeira Grande;2102374
2011;15,19;Novo Mundo;5106265
2011;0,15;Cuiabá;5103403
2011;7,52;Água Azul do Norte;1500347
2011;2,68;São Sebastião do Uatumã;1303957
2011;46,78;Itanhangá;5104542
2011;11,13;União do Sul;5108303
2011;19,24;Tarauacá;1200609
2011;2,28;Itaipava do Grajaú;2105351
2011;2,82;Assis Brasil;1200054
2011;1,57;Belterra;1501451
2011;0,31;Santo Antônio do Tauá;1507003
2011;2,67;Presidente Juscelino;2109205
2011;5,58;Rio Preto da Eva;1303569
2011;0,07;Limoeiro do Ajuru;1504000
2011;0,60;Novo Horizonte do Oeste;1100502
2011;3,69;Lagoa da Confusão;1711902
2011;56,78;Peixoto de Azevedo;5106422
2011;7,01;Rondolândia;5107578
2011;0,19;Arapoema;1702307
2011;15,36;Alto Paraíso;1100403
2011;4,71;Bacabeira;2101251
2011;2,31;Cacoal;1100049
2011;2,73;Conquista D'Oeste;5103361
2011;0,08;Serra do Navio;1600055
2011;14,64;Maués;1302900
2011;1,93;Capinzal do Norte;2102754
2011;2,28;Santa Cruz do Xingu;5107743
2011;0,19;Nova Brasilândia;5106208
2011;4,11;Nova Canaã do Norte;5106216
2011;0,48;Matinha;2106508
2011;0,15;Dois Irmãos do Tocantins;1707207
2011;0,98;Castanhal;1502400
2011;5,27;Serra Nova Dourada;5107883
2011;5,93;São José do Xingu;5107354
2011;0,99;Tonantins;1304237
2011;3,99;Governador Luiz Rocha;2104628
2011;0,93;Caapiranga;1300839
2011;3,99;Nova Marilândia;5108857
2011;1,21;Ji-Paraná;1100122
2011;2,29;Itaguatins;1710706
2011;9,21;Guarantã do Norte;5104104
2011;7,00;Senador Guiomard;1200450
2011;3,71;Buriticupu;2102325
2011;58,92;Cumaru do Norte;1502764
2011;0,13;Aguiarnópolis;1700301
2011;3,35;Curuá;1502855
2011;0,15;Colares;1502608
2011;2,33;Bagre;1501105
2011;8,78;Manacapuru;1302504
2011;4,95;Barreirinha;1300508
2011;0,08;Peri Mirim;2108405
2011;38,43;Brasil Novo;1501725
2011;2,53;Porto Grande;1600535
2011;28,93;Matupá;5105606
2011;2,09;Oiapoque;1600501
2011;0,05;Angico;1701051
2011;4,39;Tapauá;1304104
2011;19,70;Alto Boa Vista;5100359
2011;1,34;São Miguel do Guamá;1507607
2011;0,58;Lucas do Rio Verde;5105259
2011;2,57;Aragominas;1701309
2011;1,14;Turiaçu;2112407
2011;0,67;Joselândia;2105609
2011;1,82;Pinheiro;2108603
2011;13,21;Canabrava do Norte;5102694
2011;13,81;Itapuã do Oeste;1101104
2011;0,21;Bernardo do Mearim;2101939
2011;2,34;Parauapebas;1505536
2011;39,96;Placas;1505650
2011;0,26;Curionópolis;1502772
2011;0,15;Teixeirópolis;1101559
2011;5,29;Codó;2103307
2011;5,51;Tuntum;2112308
2011;0,84;Vitória do Mearim;2112902
2011;14,93;Nova Lacerda;5106182
2011;16,16;Porto Acre;1200807
2011;8,56;Itaúba;5104559
2011;42,32;Buritis;1100452
2011;0,35;Cutias;1600212
2011;17,48;Costa Marques;1100080
2011;0,72;Brejo de Areia;2102150
2011;1,21;Cáceres;5102504
2011;4,90;Parintins;1303403
2011;8,89;Tucuruí;1508100
2011;8,34;Alto Alegre dos Parecis;1100379
2011;0,89;Imperatriz;2105302
2011;19,04;Tailândia;1507953
2011;7,11;Epitaciolândia;1200252
2011;2,48;Pau D'Arco;1505551
2011;0,58;Anori;1300102
2011;1,34;Pedra Branca do Amapari;1600154
2011;139,39;São Félix do Xingu;1507300
2011;5,54;Ourilândia do Norte;1505437
2011;1,62;Santa Rita;2110203
2011;0,06;Bacabal;2101202
2011;0,25;Belém;1501402
2011;9,70;Gaúcha do Norte;5103858
2011;14,52;Brasiléia;1200104
2011;1,19;Campo Novo do Parecis;5102637
2011;1,52;Mazagão;1600402
2011;0,67;Presidente Médici;1100254
2011;0,19;Planalto da Serra;5106455
2011;0,21;Couto Magalhães;1706001
2011;1,33;Uarini;1304260
2011;0,82;Mirassol d'Oeste;5105622
2011;0,83;Macapá;1600303
2011;0,34;Santa Luzia do Pará;1506559
2011;4,88;Irituia;1503507
2011;1,10;Vitória do Jari;1600808
2011;4,70;Rodrigues Alves;1200427
2011;23,87;Autazes;1300300
2011;5,64;Bannach;1501253
2011;0,48;Colíder;5103205
2011;0,07;Nova Olinda;1714880
2011;0,73;São João da Ponta;1507466
2011;3,70;Ariquemes;1100023
2011;8,00;Sinop;5107909
2011;0,15;Governador Edison Lobão;2104552
2011;1,68;Vera;5108501
2011;4,04;Nhamundá;1303007
2011;0,13;Pedreiras;2108207
2011;17,82;Novo Aripuanã;1303304
2011;0,08;Jaciara;5104807
2011;48,44;Nova Bandeirantes;5106158
2011;1,06;Jatobá;2105450
2011;0,26;Tracuateua;1508035
2011;1,45;Governador Newton Bello;2104651
2011;0,12;Timbiras;2112100
2011;0,45;Viana;2112803
2011;22,88;Ulianópolis;1508126
2011;0,10;Jauru;5105002
2011;0,19;Nova Timboteua;1505007
2011;10,87;Mojuí dos Campos;1504752
2011;24,97;Confresa;5103353
2011;3,83;Bonfim;1400159
2011;0,87;Anamã;1300086
2011;2,82;Iranduba;1301852
2011;4,84;Nova Brasilândia D'Oeste;1100148
2011;0,37;Chapada dos Guimarães;5103007
2011;3,67;Ananás;1701002
2011;0,18;Ouro Preto do Oeste;1100155
2011;12,69;Cruzeiro do Sul;1200203
2011;24,61;Dom Eliseu;1502939
2011;0,83;Abaetetuba;1500107
2011;1,05;Redenção;1506138
2011;0,01;Poção de Pedras;2108900
2011;1,55;São Luís;2111300
2011;1,22;Diamantino;5103502
2011;0,07;Campos de Júlio;5102686
2011;0,54;Santa Luzia do Paruá;2110039
2011;1,20;Ourém;1505403
2011;4,77;Peritoró;2108454
2011;1,16;Novo Airão;1303205
2011;11,68;Cláudia;5103056
2011;3,09;Nova Olinda do Norte;1303106
2011;5,61;Buritirana;2102358
2011;8,64;Cantá;1400175
2011;0,53;Presidente Kennedy;1718402
2011;0,62;Muricilândia;1713957
2011;2,99;Pirapemas;2108801
2011;0,57;Lima Campos;2106003
2011;19,14;São Félix do Araguaia;5107859
2011;0,14;Magalhães Barata;1504109
2011;0,65;Maraã;1302801
2011;1,11;Canaã dos Carajás;1502152
2011;0,41;Maracaçumé;2106326
2011;3,42;Fortuna;2104206
2011;0,06;Igarapé-Açu;1503200
2011;0,15;Pedro Afonso;1716505
2011;1,68;Cerejeiras;1100056
2011;25,65;Canutama;1300904
2011;0,16;Juscimeira;5105200
2011;6,47;Oeiras do Pará;1505205
2011;2,65;Araguatins;1702208
2011;0,55;Juruá;1302207
2011;3,00;São Domingos do Capim;1507201
2011;8,01;Manoel Urbano;1200344
2011;0,39;Caseara;1703909
2011;34,50;Aveiro;1501006
2011;5,98;Jordão;1200328
2011;0,48;Carmolândia;1703883
2011;0,52;Santa Rita do Trivelato;5107768
2011;0,53;São José dos Basílios;2111250
2011;1,13;São João de Pirabas;1507474
2011;7,57;Parecis;1101450
2011;6,53;Zé Doca;2114007
2011;2,12;Tartarugalzinho;1600709
2011;26,63;Campo Novo de Rondônia;1100700
2011;6,15;Guajará-Mirim;1100106
2011;0,25;Vale do Paraíso;1101807
2011;14,79;Caroebe;1400233
2011;10,24;Monte Negro;1101401
2011;6,83;Castanheira;5102850
2011;17,24;Barra do Corda;2101608
2011;0,00;Lagoa do Tocantins;1711951
2010;0,00;Central do Maranhão;2103125
2010;0,00;Lagoa do Tocantins;1711951
2010;0,00;Filadélfia;1707702
2010;0,00;Carolina;2102804
2010;0,00;Olho d'Água das Cunhãs;2107407
2010;0,00;Benedito Leite;2101806
2010;0,00;Cristalândia;1706100
2010;0,00;Araguainha;5101209
2010;0,00;Abreulândia;1700251
2010;0,00;Fátima;1707553
2010;0,00;Miranorte;1713304
2010;0,00;Cachoeirinha;1703826
2010;0,00;Riachão;2109502
2010;0,00;São Roberto;2111672
2010;0,00;Ponte Alta do Tocantins;1717909
2010;0,00;Teixeirópolis;1101559
2010;0,00;Sucupira do Norte;2111904
2010;0,00;São Pedro da Cipa;5107404
2010;0,00;Taipas do Tocantins;1720937
2010;0,00;Pontal do Araguaia;5106653
2010;0,00;Buriti do Tocantins;1703800
2010;0,00;Bacuri;2101301
2010;0,00;Alto Taquari;5100607
2010;0,00;Santo Antônio do Leste;5107792
2010;0,00;Santa Rita do Tocantins;1718899
2010;0,00;São Salvador do Tocantins;1720259
2010;0,00;Palmeirante;1715705
2010;0,00;Vitorino Freire;2113009
2010;0,00;São Sebastião do Tocantins;1720309
2010;0,00;Porto Alegre do Tocantins;1718006
2010;0,00;Irituia;1503507
2010;0,00;Itiquira;5104609
2010;0,00;Pugmil;1718451
2010;0,00;Lago dos Rodrigues;2105948
2010;0,00;Carrasco Bonito;1703891
2010;0,00;Rosário Oeste;5107701
2010;0,00;Palmas;1721000
2010;0,00;Paranã;1716208
2010;0,00;Tupirama;1721257
2010;0,00;Porto Rico do Maranhão;2109056
2010;0,00;Passagem Franca;2107902
2010;0,00;Barra do Ouro;1703073
2010;0,00;Cajapió;2102408
2010;0,00;São Domingos do Azeitão;2110658
2010;0,00;Bela Vista do Maranhão;2101772
2010;0,00;Tocantínia;1721109
2010;0,00;Alvorada;1700707
2010;0,00;Talismã;1720978
2010;0,00;Gurupi;1709500
2010;0,00;Raposa;2109452
2010;0,00;Sucupira;1720853
2010;0,00;Torixoréu;5108204
2010;0,00;Mirinzal;2106805
2010;0,00;Natividade;1714203
2010;0,00;Conceição do Lago-Açu;2103554
2010;0,00;Guiratinga;5104203
2010;0,00;Darcinópolis;1706506
2010;0,00;Goiatins;1709005
2010;0,00;Alto Garças;5100409
2010;0,00;Santa Rosa do Tocantins;1718907
2010;0,00;Rio Branco;5107206
2010;0,00;Igarapé Grande;2105203
2010;0,00;Guimarães;2104909
2010;0,00;Primavera do Leste;5107040
2010;0,00;Jaú do Tocantins;1711506
2010;0,00;Alto Paraguai;5100508
2010;0,00;Ponte Alta do Bom Jesus;1717800
2010;0,00;Barra do Garças;5101803
2010;0,00;Igarapé do Meio;2105153
2010;0,00;Recursolândia;1718501
2010;0,00;Santa Cruz do Arari;1506401
2010;0,00;Divinópolis do Tocantins;1707108
2010;0,00;Cuiabá;5103403
2010;0,00;Nova Rosalândia;1715002
2010;0,00;São Vicente Ferrer;2111706
2010;0,00;Mãe do Rio;1504059
2010;0,00;Arraias;1702406
2010;0,00;Juarina;1711803
2010;0,00;Olinda Nova do Maranhão;2107456
2010;0,00;Acorizal;5100102
2010;0,00;Inhangapi;1503408
2010;0,00;Bom Lugar;2102077
2010;0,00;Barrolândia;1703107
2010;0,00;Santa Terezinha do Tocantins;1720002
2010;0,00;Campos Lindos;1703842
2010;0,00;Chapada de Areia;1704600
2010;0,00;Dianópolis;1707009
2010;0,00;General Carneiro;5103908
2010;0,00;Rio Sono;1718758
2010;0,00;São Félix de Balsas;2110807
2010;0,00;Cariri do Tocantins;1703867
2010;0,00;Campinápolis;5102603
2010;0,00;Novo Acordo;1715101
2010;0,00;Tabocão;1708254
2010;0,00;Brasilândia do Tocantins;1703602
2010;0,00;São Bento;2110500
2010;0,00;Paraíso do Tocantins;1716109
2010;0,00;Santa Maria do Tocantins;1718881
2010;0,00;Lajeado;1712009
2010;0,00;Jaciara;5104807
2010;0,00;Aurora do Tocantins;1702703
2010;0,00;Brejinho de Nazaré;1703701
2010;0,00;Silvanópolis;1720655
2010;0,00;Chapada da Natividade;1705102
2010;0,00;Porto Nacional;1718204
2010;0,00;Lavandeira;1712157
2010;0,00;Rio dos Bois;1718709
2010;0,00;Água Boa;5100201
2010;0,00;Altamira do Maranhão;2100402
2010;0,00;Monte Santo do Tocantins;1713700
2010;0,00;Ipueiras;1709807
2010;0,00;Crixás do Tocantins;1706258
2010;0,00;Apicum-Açu;2100832
2010;0,00;Presidente Médici;2109239
2010;0,00;Ponte Branca;5106703
2010;0,00;Santa Tereza do Tocantins;1719004
2010;0,00;Paraibano;2107704
2010;0,00;Curvelândia;5103437
2010;0,00;Lago Verde;2105906
2010;0,00;Cedral;2103109
2010;0,00;Babaçulândia;1703008
2010;0,00;Pindorama do Tocantins;1717008
2010;0,00;Alto Araguaia;5100300
2010;0,00;Pio XII;2108702
2010;0,00;Rio da Conceição;1718659
2010;0,00;Pastos Bons;2108009
2010;0,00;São Pedro dos Crentes;2111573
2010;0,00;Colinas do Tocantins;1705508
2010;0,00;Fortaleza dos Nogueiras;2104107
2010;0,00;Araguaçu;1702000
2010;0,00;Sandolândia;1718840
2010;0,00;Aparecida do Rio Negro;1701101
2010;0,00;Tupiratins;1721307
2010;0,00;Aliança do Tocantins;1700350
2010;0,00;Ouro Preto do Oeste;1100155
2010;0,00;São Félix do Tocantins;1720150
2010;0,00;Normandia;1400407
2010;0,00;Ribeirãozinho;5107198
2010;0,00;Balsas;2101400
2010;0,00;Novo Jardim;1715259
2010;0,00;Novo Alegre;1715150
2010;0,00;Tufilândia;2112274
2010;0,00;Figueirópolis;1707652
2010;0,00;Nova Brasilândia;5106208
2010;0,00;Miracema do Tocantins;1713205
2010;0,00;Tasso Fragoso;2112001
2010;0,00;Várzea Grande;5108402
2010;0,00;Monte do Carmo;1713601
2010;0,00;Santa Inês;2109908
2010;0,00;Tesouro;5108105
2010;0,00;Marituba;1504422
2010;0,00;Bom Jesus do Tocantins;1703305
2010;0,00;Planalto da Serra;5106455
2010;0,00;Conceição do Tocantins;1705607
2010;0,00;Carmolândia;1703883
2010;0,00;Alto Parnaíba;2100501
2010;0,00;Poção de Pedras;2108900
2010;0,00;São João Batista;2111003
2010;0,00;São José do Povo;5107297
2010;0,00;Canarana;5102702
2010;0,00;Nova Iorque;2107308
2010;0,00;Peixe;1716604
2010;0,00;Jangada;5104906
2010;0,00;Presidente Kennedy;1718402
2010;0,00;São Raimundo das Mangabeiras;2111607
2010;0,00;Mirador;2106706
2010;0,00;Mateiros;1712702
2010;0,00;Sampaio;1718808
2010;0,00;Nova Colinas;2107258
2010;0,00;Glória D'Oeste;5103957
2010;0,00;Satubinha;2111722
2010;0,00;Oliveira de Fátima;1715507
2010;0,00;Castanheiras;1100908
2010;0,00;Pindaré-Mirim;2108504
2010;0,00;Cururupu;2103703
2010;0,00;Itapiratins;1710904
2010;0,00;Novo São Joaquim;5106281
2010;0,00;Itacajá;1710508
2010;0,00;Peri Mirim;2108405
2010;0,00;Almas;1700400
2010;0,00;Loreto;2106102
2010;0,00;Palmeirópolis;1715754
2010;0,00;Sambaíba;2109700
2010;0,00;Lizarda;1712405
2010;0,00;Taguatinga;1720903
2010;0,00;Bacurituba;2101350
2010;0,00;Centenário;1704105
2010;0,00;Feira Nova do Maranhão;2104073
2010;0,00;Lago do Junco;2105807
2010;0,00;Combinado;1705557
2010;0,00;São Valério;1720499
2010;6,57;Alvarães;1300029
2010;1,89;Coroatá;2103604
2010;1,89;Theobroma;1101609
2010;8,52;Amajari;1400027
2010;0,89;Lagoa Grande do Maranhão;2105963
2010;0,03;Trizidela do Vale;2112233
2010;5,69;Plácido de Castro;1200385
2010;0,23;Santarém Novo;1506906
2010;58,76;Cachoeira do Piriá;1501956
2010;0,58;Capanema;1502202
2010;0,22;Santa Izabel do Pará;1506500
2010;17,51;São Domingos do Maranhão;2110708
2010;0,49;Augustinópolis;1702554
2010;3,14;Araguacema;1701903
2010;1,52;Buriti Bravo;2102309
2010;31,73;Aripuanã;5101407
2010;0,58;Boa Vista;1400100
2010;77,51;Anapu;1500859
2010;1,74;Abel Figueiredo;1500131
2010;5,90;Pimenteiras do Oeste;1101468
2010;0,14;Pium;1717503
2010;0,58;Santa Luzia D'Oeste;1100296
2010;14,45;São Francisco do Guaporé;1101492
2010;1,03;Nortelândia;5106000
2010;13,55;Cametá;1502103
2010;23,20;Itapecuru Mirim;2105401
2010;0,10;Arenápolis;5101308
2010;1,21;Araguaína;1702109
2010;19,34;Comodoro;5103304
2010;0,71;Esperantina;1707405
2010;3,00;Salto do Céu;5107750
2010;18,99;Caracaraí;1400209
2010;30,16;Acará;1500206
2010;1,45;Godofredo Viana;2104305
2010;0,00;São Felipe D'Oeste;1101484
2010;0,38;Wanderlândia;1722081
2010;15,87;Rorainópolis;1400472
2010;0,44;Arari;2101004
2010;1,47;Araputanga;5101258
2010;13,16;Amarante do Maranhão;2100600
2010;4,80;Terra Nova do Norte;5108055
2010;27,53;Alenquer;1500404
2010;32,29;Iracema;1400282
2010;28,31;Senador José Porfírio;1507805
2010;2,48;Presidente Dutra;2109106
2010;37,03;Sena Madureira;1200500
2010;2,18;Fonte Boa;1301605
2010;5,44;São Domingos do Araguaia;1507151
2010;51,17;Itupiranga;1503705
2010;4,43;Santa Terezinha;5107776
2010;27,85;Feliz Natal;5103700
2010;1,30;Formoso do Araguaia;1708205
2010;46,72;Santa Maria das Barreiras;1506583
2010;68,65;Prainha;1506005
2010;1,33;Monção;2106904
2010;11,98;Anajás;1500701
2010;0,02;Bequimão;2101905
2010;1,45;Capitão Poço;1502301
2010;0,29;Mirante da Serra;1101302
2010;0,93;Cachoeira do Arari;1502004
2010;3,30;Itamarati;1301951
2010;11,33;Acrelândia;1200013
2010;26,42;Cotriguaçu;5103379
2010;5,40;Eirunepé;1301407
2010;5,37;Senador Alexandre Costa;2111748
2010;7,43;Bom Jesus do Tocantins;1501576
2010;13,30;Porto Walter;1200393
2010;3,63;Barão de Melgaço;5101605
2010;1,94;São João do Carú;2111029
2010;11,90;Piçarra;1505635
2010;2,09;Luís Domingues;2106201
2010;3,87;Dom Pedro;2103802
2010;20,85;Bom Jesus das Selvas;2102036
2010;0,85;Ribamar Fiquene;2109551
2010;0,41;Terra Alta;1507961
2010;9,12;Borba;1300805
2010;0,25;Poxoréu;5107008
2010;8,12;Amapá do Maranhão;2100550
2010;12,33;Nova Mutum;5106224
2010;0,09;Nossa Senhora do Livramento;5106109
2010;0,81;Soure;1507904
2010;0,91;São Paulo de Olivença;1303908
2010;0,79;Vale de São Domingos;5108352
2010;0,91;Alvorada D'Oeste;1100346
2010;2,49;Silves;1304005
2010;22,65;Feijó;1200302
2010;51,42;Boca do Acre;1300706
2010;0,22;Sítio Novo do Tocantins;1720804
2010;0,70;João Lisboa;2105500
2010;19,96;Monte Alegre;1504802
2010;0,50;Sorriso;5107925
2010;2,64;Nova Monte Verde;5108956
2010;0,27;Nazaré;1714302
2010;19,53;Centro Novo do Maranhão;2103174
2010;2,63;Chaves;1502509
2010;45,41;Ipixuna do Pará;1503457
2010;1,29;Corumbiara;1100072
2010;6,57;Alto Alegre;1400050
2010;2,14;Maracanã;1504307
2010;0,34;Riachinho;1718550
2010;2,11;Rio Crespo;1100262
2010;1,64;Presidente Vargas;2109304
2010;8,26;Bujari;1200138
2010;0,34;Santa Bárbara do Pará;1506351
2010;2,34;Cocalinho;5103106
2010;0,10;Lago da Pedra;2105708
2010;10,08;Envira;1301506
2010;3,54;São Geraldo do Araguaia;1507458
2010;4,28;Graça Aranha;2104701
2010;31,35;Porto de Moz;1505908
2010;0,42;Alto Alegre do Pindaré;2100477
2010;6,74;Governador Eugênio Barros;2104602
2010;2,32;Ferreira Gomes;1600238
2010;1,09;Santo Antônio do Leverger;5107800
2010;3,03;Miranda do Norte;2106755
2010;4,52;Palestina do Pará;1505494
2010;37,53;Oriximiná;1505304
2010;24,78;Arame;2100956
2010;3,51;Nova Olinda do Maranhão;2107357
2010;14,96;Apiacás;5100805
2010;3,05;Espigão D'Oeste;1100098
2010;2,82;Alta Floresta;5100250
2010;5,57;Nova Maringá;5108907
2010;5,03;Laranjal do Jari;1600279
2010;46,27;Medicilândia;1504455
2010;0,11;Estreito;2104057
2010;1,70;Santo Antônio dos Lopes;2110302
2010;0,51;Peixe-Boi;1505601
2010;78,11;Colniza;5103254
2010;2,77;Santo Afonso;5107263
2010;0,85;Santo Antônio do Içá;1303700
2010;0,08;Ponta de Pedras;1505700
2010;1,71;Cidelândia;2103257
2010;0,09;Alcântara;2100204
2010;2,34;Brejo Grande do Araguaia;1501758
2010;56,09;Portel;1505809
2010;5,00;Salvaterra;1506302
2010;0,32;Primavera;1506104
2010;11,08;Santa Carmem;5107248
2010;1,69;Muaná;1504901
2010;6,19;São José do Rio Claro;5107305
2010;19,94;Rio Branco;1200401
2010;3,75;Capixaba;1200179
2010;0,96;Tabatinga;1304062
2010;0,13;Dueré;1707306
2010;0,07;Serrano do Maranhão;2111789
2010;0,27;Bandeirantes do Tocantins;1703057
2010;0,12;Figueirópolis D'Oeste;5103809
2010;44,46;Óbidos;1505106
2010;1,13;Junco do Maranhão;2105658
2010;0,98;Marapanim;1504406
2010;5,75;Boa Vista do Gurupi;2101970
2010;1,32;Carauari;1301001
2010;0,07;Luzinópolis;1712454
2010;1,19;Itapiranga;1302009
2010;0,12;Palmeirândia;2107605
2010;2,12;Guaraí;1709302
2010;0,77;Reserva do Cabaçal;5107156
2010;4,74;Nova Xavantina;5106257
2010;6,93;Garrafão do Norte;1503077
2010;4,76;Fernando Falcão;2104081
2010;0,49;Davinópolis;2103752
2010;62,88;Manicoré;1302702
2010;26,03;Vila Bela da Santíssima Trindade;5105507
2010;10,45;Cândido Mendes;2102606
2010;3,60;Japurá;1302108
2010;9,75;Paranaíta;5106299
2010;0,53;Nova Olímpia;5106232
2010;1,23;São Miguel do Tocantins;1720200
2010;9,45;Tabaporã;5107941
2010;2,03;Manaquiri;1302553
2010;0,18;Rolim de Moura;1100288
2010;0,19;Tocantinópolis;1721208
2010;3,45;Pracuúba;1600550
2010;4,53;Santa Luzia;2110005
2010;14,88;Viseu;1508308
2010;7,21;Turilândia;2112456
2010;21,70;Porto dos Gaúchos;5106802
2010;0,46;Benjamin Constant;1300607
2010;0,28;Santa Maria do Pará;1506609
2010;103,06;Grajaú;2104800
2010;9,85;Juína;5105150
2010;0,33;Araguanã;1702158
2010;1,82;Amapá;1600105
2010;12,36;Candeias do Jamari;1100809
2010;0,50;São João do Paraíso;2111052
2010;1,06;Governador Jorge Teixeira;1101005
2010;6,73;Jacundá;1503804
2010;17,88;Machadinho D'Oeste;1100130
2010;1,08;Cacaulândia;1100601
2010;2,10;São José dos Quatro Marcos;5107107
2010;0,33;Alto Alegre do Maranhão;2100436
2010;0,20;Dom Aquino;5103601
2010;3,20;Santa Rosa do Purus;1200435
2010;1,91;Goianorte;1708304
2010;3,27;Santa Helena;2109809
2010;0,38;São Caetano de Odivelas;1507102
2010;0,30;Carlinda;5102793
2010;0,36;Pau D'Arco;1716307
2010;21,99;Marechal Thaumaturgo;1200351
2010;4,06;Urucará;1304302
2010;0,96;Melgaço;1504505
2010;0,10;Araguaiana;5101001
2010;3,74;Pontes e Lacerda;5106752
2010;22,23;Querência;5107065
2010;0,53;Presidente Sarney;2109270
2010;0,02;São Luís Gonzaga do Maranhão;2111409
2010;4,09;Pimenta Bueno;1100189
2010;4,86;São João do Araguaia;1507508
2010;0,25;São Raimundo do Doca Bezerra;2111631
2010;0,29;Paço do Lumiar;2107506
2010;0,35;Nova Guarita;5108808
2010;1,20;Santa Fé do Araguaia;1718865
2010;8,64;Vilhena;1100304
2010;0,12;Palmeiras do Tocantins;1713809
2010;46,26;Apuí;1300144
2010;19,07;Itacoatiara;1301902
2010;7,47;Juruti;1503903
2010;3,56;Vale do Anari;1101757
2010;4,48;Ipixuna;1301803
2010;5,69;Ribeirão Cascalheira;5107180
2010;0,29;Nova União;1101435
2010;0,72;Santa Filomena do Maranhão;2109759
2010;9,25;Presidente Figueiredo;1303536
2010;0,22;Jaru;1100114
2010;6,69;Pacaraima;1400456
2010;59,29;Mucajaí;1400308
2010;222,73;Novo Repartimento;1505064
2010;1,39;Senador La Rocque;2111763
2010;1,88;Vargem Grande;2112704
2010;12,64;Floresta do Araguaia;1503044
2010;0,25;São José de Ribamar;2111201
2010;11,70;Uiramutã;1400704
2010;17,80;Conceição do Araguaia;1502707
2010;0,39;Formosa da Serra Negra;2104099
2010;2,44;Governador Archer;2104503
2010;2,97;Cantanhede;2102705
2010;11,89;Calçoene;1600204
2010;0,11;São Pedro da Água Branca;2111532
2010;22,92;Nova Ubiratã;5106240
2010;39,57;Lábrea;1302405
2010;3,39;Barcelos;1300409
2010;0,07;Maurilândia do Tocantins;1712801
2010;4,91;Jutaí;1302306
2010;0,25;Denise;5103452
2010;4,70;Matões do Norte;2106631
2010;1,36;Bonito;1501600
2010;5,68;Porto Esperidião;5106828
2010;0,15;Campo Verde;5102678
2010;0,12;Pedra Preta;5106372
2010;0,78;Lambari D'Oeste;5105234
2010;274,18;Pacajá;1505486
2010;26,30;Jacareacanga;1503754
2010;1,11;Codajás;1301308
2010;2,91;Marianópolis do Tocantins;1712504
2010;19,47;Bom Jardim;2102002
2010;0,24;Itaporã do Tocantins;1711100
2010;33,62;Cujubim;1100940
2010;3,87;Marajá do Sena;2106359
2010;0,07;Ananindeua;1500800
2010;22,77;Baião;1501204
2010;5,55;Xapuri;1200708
2010;5,85;Marcelândia;5105580
2010;0,19;Colméia;1716703
2010;13,75;Tapurah;5108006
2010;0,27;Nova Nazaré;5106174
2010;0,12;Sapezal;5107875
2010;4,22;Beruri;1300631
2010;4,65;Colinas;2103505
2010;1,04;Urucurituba;1304401
2010;9,06;Curralinho;1502806
2010;50,78;Novo Progresso;1505031
2010;0,32;Vigia;1508209
2010;14,34;Açailândia;2100055
2010;53,99;Breu Branco;1501782
2010;19,93;Paranatinga;5106307
2010;67,63;Paragominas;1505502
2010;0,10;Sapucaia;1507755
2010;59,22;Nova Mamoré;1100338
2010;0,17;Pedro do Rosário;2108256
2010;0,95;Amaturá;1300060
2010;0,32;São Bento do Tocantins;1720101
2010;26,68;Trairão;1508050
2010;7,33;Nova Ipixuna;1504976
2010;5,08;Pauini;1303502
2010;0,12;Penalva;2108306
2010;1,78;Alta Floresta D'Oeste;1100015
2010;6,23;Gurupá;1503101
2010;2,37;Bom Jesus do Araguaia;5101852
2010;0,36;Governador Nunes Freire;2104677
2010;52,68;Rondon do Pará;1506187
2010;2,33;Tucumã;1508084
2010;7,34;São João da Baliza;1400506
2010;1,12;Nova Santa Helena;5106190
2010;0,25;São Mateus do Maranhão;2111508
2010;0,44;Concórdia do Pará;1502756
2010;0,47;Paulo Ramos;2108108
2010;0,64;Rondonópolis;5107602
2010;12,22;Jenipapo dos Vieiras;2105476
2010;0,82;Axixá;2101103
2010;0,42;Lajeado Novo;2105989
2010;2,76;Boa Vista do Ramos;1300680
2010;18,19;Igarapé-Miri;1503309
2010;3,79;São Miguel do Guaporé;1100320
2010;19,30;Careiro da Várzea;1301159
2010;6,45;Xambioá;1722107
2010;0,26;Campestre do Maranhão;2102556
2010;6,30;Vila Rica;5108600
2010;91,13;Itaituba;1503606
2010;22,00;Eldorado do Carajás;1502954
2010;3,86;Itaubal;1600253
2010;1,91;Mocajuba;1504604
2010;10,00;Nova Esperança do Piriá;1504950
2010;10,31;Manaus;1302603
2010;9,77;São Gabriel da Cachoeira;1303809
2010;15,13;Juara;5105101
2010;2,66;Bragança;1501709
2010;0,84;São Francisco do Pará;1507409
2010;3,45;Rosário;2109601
2010;0,81;Porto Franco;2109007
2010;19,03;Santarém;1506807
2010;2,37;Novo Santo Antônio;5106315
2010;2,14;Salinópolis;1506203
2010;0,35;São Francisco do Brejão;2110856
2010;132,95;Porto Velho;1100205
2010;5,62;Faro;1503002
2010;0,21;Urupá;1101708
2010;0,09;Axixá do Tocantins;1702901
2010;1,58;Curuçá;1502905
2010;2,66;Porto Alegre do Norte;5106778
2010;39,31;Santana do Araguaia;1506708
2010;14,89;Juruena;5105176
2010;1,90;Barcarena;1501303
2010;0,76;Nobres;5105903
2010;0,07;Novo Horizonte do Norte;5106273
2010;3,69;Xinguara;1508407
2010;0,11;Sítio Novo;2111805
2010;49,27;Goianésia do Pará;1503093
2010;3,05;Carutapera;2102903
2010;193,85;Altamira;1500602
2010;35,88;Tomé-Açu;1508001
2010;0,77;Montes Altos;2107001
2010;0,63;Cajari;2102507
2010;8,01;Humaitá;1301704
2010;4,24;Terra Santa;1507979
2010;10,81;Aurora do Pará;1500958
2010;0,22;Ministro Andreazza;1101203
2010;2,10;São Sebastião da Boa Vista;1507706
2010;32,06;Rurópolis;1506195
2010;0,17;Anajatuba;2100709
2010;10,55;Gonçalves Dias;2104404
2010;2,39;Atalaia do Norte;1300201
2010;78,84;Marabá;1504208
2010;0,43;Icatu;2105104
2010;7,04;Coari;1301209
2010;0,95;Centro do Guilherme;2103158
2010;8,75;Tefé;1304203
2010;0,31;Santana;1600600
2010;115,47;Moju;1504703
2010;0,09;Porto Estrela;5106851
2010;9,48;Vitória do Xingu;1508357
2010;11,69;Brasnorte;5101902
2010;0,01;São João do Soter;2111078
2010;68,54;Uruará;1508159
2010;0,20;Maranhãozinho;2106375
2010;1,73;Afuá;1500305
2010;4,65;Mâncio Lima;1200336
2010;7,89;Guajará;1301654
2010;2,00;Breves;1501808
2010;0,89;Praia Norte;1718303
2010;38,54;Almeirim;1500503
2010;0,33;Pequizeiro;1716653
2010;3,73;Barra do Bugres;5101704
2010;11,41;Itinga do Maranhão;2105427
2010;0,23;Poconé;5106505
2010;4,81;Seringueiras;1101500
2010;42,24;Ipiranga do Norte;5104526
2010;3,06;Chupinguaia;1100924
2010;1,18;Bujaru;1501907
2010;0,92;Vila Nova dos Martírios;2112852
2010;1,18;Cabixi;1100031
2010;5,70;Santa Isabel do Rio Negro;1303601
2010;3,98;Rio Maria;1506161
2010;10,53;Careiro;1301100
2010;0,07;Colorado do Oeste;1100064
2010;5,15;São Luiz;1400605
2010;1,36;Tangará da Serra;5107958
2010;0,68;Cachoeira Grande;2102374
2010;13,37;Novo Mundo;5106265
2010;7,15;Água Azul do Norte;1500347
2010;4,78;São Sebastião do Uatumã;1303957
2010;37,09;Itanhangá;5104542
2010;8,89;União do Sul;5108303
2010;24,98;Tarauacá;1200609
2010;7,84;Itaipava do Grajaú;2105351
2010;3,77;Assis Brasil;1200054
2010;4,25;Belterra;1501451
2010;0,10;Santo Antônio do Tauá;1507003
2010;3,70;Presidente Juscelino;2109205
2010;3,89;Rio Preto da Eva;1303569
2010;2,92;Limoeiro do Ajuru;1504000
2010;0,30;Novo Horizonte do Oeste;1100502
2010;2,74;Lagoa da Confusão;1711902
2010;22,38;Peixoto de Azevedo;5106422
2010;8,56;Rondolândia;5107578
2010;0,26;Arapoema;1702307
2010;8,70;Alto Paraíso;1100403
2010;6,24;Bacabeira;2101251
2010;1,66;Cacoal;1100049
2010;1,18;Conquista D'Oeste;5103361
2010;0,15;Serra do Navio;1600055
2010;14,43;Maués;1302900
2010;1,45;Capinzal do Norte;2102754
2010;4,97;Santa Cruz do Xingu;5107743
2010;3,41;Nova Canaã do Norte;5106216
2010;0,11;Matinha;2106508
2010;0,35;Dois Irmãos do Tocantins;1707207
2010;1,52;Castanhal;1502400
2010;0,52;Serra Nova Dourada;5107883
2010;6,84;São José do Xingu;5107354
2010;0,87;Tonantins;1304237
2010;8,34;Governador Luiz Rocha;2104628
2010;5,57;Caapiranga;1300839
2010;2,88;Nova Marilândia;5108857
2010;0,05;Benevides;1501501
2010;0,85;Ji-Paraná;1100122
2010;0,46;Itaguatins;1710706
2010;4,79;Guarantã do Norte;5104104
2010;3,85;Senador Guiomard;1200450
2010;13,37;Buriticupu;2102325
2010;42,53;Cumaru do Norte;1502764
2010;0,30;Aguiarnópolis;1700301
2010;7,36;Curuá;1502855
2010;0,16;Colares;1502608
2010;17,42;Bagre;1501105
2010;0,16;Morros;2107100
2010;10,79;Manacapuru;1302504
2010;13,58;Barreirinha;1300508
2010;49,74;Brasil Novo;1501725
2010;1,72;Porto Grande;1600535
2010;9,20;Matupá;5105606
2010;5,02;Oiapoque;1600501
2010;0,29;Angico;1701051
2010;5,37;Tapauá;1304104
2010;3,77;Alto Boa Vista;5100359
2010;0,08;São Miguel do Guamá;1507607
2010;4,35;Lucas do Rio Verde;5105259
2010;5,57;Aragominas;1701309
2010;4,60;Turiaçu;2112407
2010;1,92;Joselândia;2105609
2010;0,50;Pinheiro;2108603
2010;2,16;Canabrava do Norte;5102694
2010;3,18;Itapuã do Oeste;1101104
2010;0,03;Bernardo do Mearim;2101939
2010;4,21;Parauapebas;1505536
2010;56,32;Placas;1505650
2010;3,65;Curionópolis;1502772
2010;3,77;Codó;2103307
2010;7,76;Tuntum;2112308
2010;0,95;Vitória do Mearim;2112902
2010;6,74;Nova Lacerda;5106182
2010;11,96;Porto Acre;1200807
2010;2,79;Itaúba;5104559
2010;33,77;Buritis;1100452
2010;4,89;Cutias;1600212
2010;20,96;Costa Marques;1100080
2010;0,21;Brejo de Areia;2102150
2010;1,10;Cáceres;5102504
2010;7,16;Parintins;1303403
2010;36,68;Tucuruí;1508100
2010;3,09;Alto Alegre dos Parecis;1100379
2010;0,26;Imperatriz;2105302
2010;48,58;Tailândia;1507953
2010;3,75;Epitaciolândia;1200252
2010;1,07;Pau D'Arco;1505551
2010;0,55;Anori;1300102
2010;1,88;Pedra Branca do Amapari;1600154
2010;349,57;São Félix do Xingu;1507300
2010;3,07;Ourilândia do Norte;1505437
2010;8,78;Santa Rita;2110203
2010;0,08;Bacabal;2101202
2010;0,91;Belém;1501402
2010;0,18;Indiavaí;5104500
2010;3,23;Gaúcha do Norte;5103858
2010;11,96;Brasiléia;1200104
2010;0,02;Esperantinópolis;2104008
2010;0,00;Campo Novo do Parecis;5102637
2010;1,18;Mazagão;1600402
2010;0,13;Presidente Médici;1100254
2010;0,06;Primavera de Rondônia;1101476
2010;1,26;Couto Magalhães;1706001
2010;3,57;Uarini;1304260
2010;0,00;Araguanã;2100873
2010;1,75;Mirassol d'Oeste;5105622
2010;9,04;Macapá;1600303
2010;1,00;Santa Luzia do Pará;1506559
2010;6,42;Vitória do Jari;1600808
2010;10,42;Rodrigues Alves;1200427
2010;5,81;Autazes;1300300
2010;5,63;Bannach;1501253
2010;0,61;Colíder;5103205
2010;0,08;Nova Olinda;1714880
2010;2,31;São João da Ponta;1507466
2010;4,13;Ariquemes;1100023
2010;3,81;Sinop;5107909
2010;0,18;Governador Edison Lobão;2104552
2010;1,09;Vera;5108501
2010;13,72;Nhamundá;1303007
2010;0,02;Pedreiras;2108207
2010;20,33;Novo Aripuanã;1303304
2010;17,09;Nova Bandeirantes;5106158
2010;4,24;Jatobá;2105450
2010;0,38;Quatipuru;1506112
2010;0,06;Tracuateua;1508035
2010;0,12;Governador Newton Bello;2104651
2010;0,08;Timbiras;2112100
2010;0,28;Viana;2112803
2010;19,22;Ulianópolis;1508126
2010;0,71;Jauru;5105002
2010;0,17;Nova Timboteua;1505007
2010;0,08;Bernardo Sayão;1703206
2010;12,75;Mojuí dos Campos;1504752
2010;12,92;Confresa;5103353
2010;7,47;Bonfim;1400159
2010;2,54;Anamã;1300086
2010;5,92;Iranduba;1301852
2010;1,22;Nova Brasilândia D'Oeste;1100148
2010;0,26;Chapada dos Guimarães;5103007
2010;1,49;Ananás;1701002
2010;22,18;Cruzeiro do Sul;1200203
2010;37,24;Dom Eliseu;1502939
2010;3,83;Abaetetuba;1500107
2010;1,17;Redenção;1506138
2010;1,26;São Luís;2111300
2010;0,85;Diamantino;5103502
2010;0,17;Campos de Júlio;5102686
2010;0,38;Santa Luzia do Paruá;2110039
2010;0,16;Ourém;1505403
2010;0,67;Peritoró;2108454
2010;2,71;Novo Airão;1303205
2010;8,33;Cláudia;5103056
2010;2,34;Nova Olinda do Norte;1303106
2010;4,61;Buritirana;2102358
2010;35,18;Cantá;1400175
2010;1,11;Muricilândia;1713957
2010;1,23;Pirapemas;2108801
2010;0,45;Lima Campos;2106003
2010;6,29;São Félix do Araguaia;5107859
2010;0,53;Magalhães Barata;1504109
2010;5,66;Maraã;1302801
2010;1,34;Canaã dos Carajás;1502152
2010;1,61;Maracaçumé;2106326
2010;4,44;Fortuna;2104206
2010;0,56;Igarapé-Açu;1503200
2010;0,14;Pedro Afonso;1716505
2010;0,95;Cerejeiras;1100056
2010;12,02;Canutama;1300904
2010;0,07;Juscimeira;5105200
2010;56,79;Oeiras do Pará;1505205
2010;9,43;Araguatins;1702208
2010;0,71;Luciara;5105309
2010;2,90;Juruá;1302207
2010;1,07;São Domingos do Capim;1507201
2010;8,19;Manoel Urbano;1200344
2010;0,53;Caseara;1703909
2010;17,93;Aveiro;1501006
2010;6,80;Jordão;1200328
2010;4,18;Santa Rita do Trivelato;5107768
2010;1,41;São José dos Basílios;2111250
2010;1,34;São João de Pirabas;1507474
2010;2,70;Parecis;1101450
2010;3,97;Zé Doca;2114007
2010;11,85;Tartarugalzinho;1600709
2010;19,91;Campo Novo de Rondônia;1100700
2010;3,70;Guajará-Mirim;1100106
2010;0,07;Vale do Paraíso;1101807
2010;19,22;Caroebe;1400233
2010;4,92;Monte Negro;1101401
2010;8,71;Castanheira;5102850
2010;0,14;Augusto Corrêa;1500909
2010;78,61;Barra do Corda;2101608
2010;1,16;Piraquê;1717206
2009;1,03;Itamarati;1301951
2009;0,00;Itaubal;1600253
2009;0,00;Lagoa do Tocantins;1711951
2009;0,00;Central do Maranhão;2103125
2009;0,00;Filadélfia;1707702
2009;0,00;Carolina;2102804
2009;0,00;Olho d'Água das Cunhãs;2107407
2009;0,00;Benedito Leite;2101806
2009;0,00;Cristalândia;1706100
2009;0,00;Araguainha;5101209
2009;0,00;Abreulândia;1700251
2009;0,00;Fátima;1707553
2009;0,00;São Luís;2111300
2009;0,00;Riachão;2109502
2009;0,00;São Roberto;2111672
2009;0,00;Dois Irmãos do Tocantins;1707207
2009;0,00;Palmeiras do Tocantins;1713809
2009;0,00;Ponte Alta do Tocantins;1717909
2009;0,00;Sucupira do Norte;2111904
2009;0,00;São Pedro da Cipa;5107404
2009;0,00;Taipas do Tocantins;1720937
2009;0,00;Magalhães Barata;1504109
2009;0,00;Nossa Senhora do Livramento;5106109
2009;0,00;Pedro Afonso;1716505
2009;0,00;Pontal do Araguaia;5106653
2009;0,00;Buriti do Tocantins;1703800
2009;0,00;Alto Taquari;5100607
2009;0,00;Santo Antônio do Leste;5107792
2009;0,00;Augustinópolis;1702554
2009;0,00;São Salvador do Tocantins;1720259
2009;0,00;Palmeirante;1715705
2009;0,00;Vitorino Freire;2113009
2009;0,00;São Sebastião do Tocantins;1720309
2009;0,00;Porto Alegre do Tocantins;1718006
2009;0,00;Itiquira;5104609
2009;0,00;Pugmil;1718451
2009;0,00;Lago dos Rodrigues;2105948
2009;0,00;Carrasco Bonito;1703891
2009;0,00;Palmas;1721000
2009;0,00;Paranã;1716208
2009;0,00;Tupirama;1721257
2009;0,00;Passagem Franca;2107902
2009;0,00;Barra do Ouro;1703073
2009;0,00;Cajapió;2102408
2009;0,00;São Domingos do Azeitão;2110658
2009;0,00;Bela Vista do Maranhão;2101772
2009;0,00;Tocantínia;1721109
2009;0,00;São José de Ribamar;2111201
2009;0,00;Alvorada;1700707
2009;0,00;Talismã;1720978
2009;0,00;Campos de Júlio;5102686
2009;0,00;Gurupi;1709500
2009;0,00;Raposa;2109452
2009;0,00;Sucupira;1720853
2009;0,00;Torixoréu;5108204
2009;0,00;Mirinzal;2106805
2009;0,00;Natividade;1714203
2009;0,00;Conceição do Lago-Açu;2103554
2009;0,00;Guiratinga;5104203
2009;0,00;Goiatins;1709005
2009;0,00;Alto Garças;5100409
2009;0,00;Santa Rosa do Tocantins;1718907
2009;0,00;Lago da Pedra;2105708
2009;0,00;Rio Branco;5107206
2009;0,00;Igarapé Grande;2105203
2009;0,00;Primavera do Leste;5107040
2009;0,00;Jaú do Tocantins;1711506
2009;0,00;Ponte Alta do Bom Jesus;1717800
2009;0,00;Barra do Garças;5101803
2009;0,00;Cachoeira Grande;2102374
2009;0,00;Santa Cruz do Arari;1506401
2009;0,00;Sapucaia;1507755
2009;0,00;Nova Rosalândia;1715002
2009;0,00;Trizidela do Vale;2112233
2009;0,00;São Vicente Ferrer;2111706
2009;0,00;Mãe do Rio;1504059
2009;0,00;Axixá;2101103
2009;0,00;Arraias;1702406
2009;0,00;Juarina;1711803
2009;0,00;Olinda Nova do Maranhão;2107456
2009;0,00;Acorizal;5100102
2009;0,00;Afuá;1500305
2009;0,00;Bom Lugar;2102077
2009;0,00;Barrolândia;1703107
2009;0,00;Icatu;2105104
2009;0,00;Santa Terezinha do Tocantins;1720002
2009;0,00;Campos Lindos;1703842
2009;0,00;Chapada de Areia;1704600
2009;0,00;Urucurituba;1304401
2009;0,00;Dianópolis;1707009
2009;0,00;General Carneiro;5103908
2009;0,00;São Raimundo do Doca Bezerra;2111631
2009;0,00;Rio Sono;1718758
2009;0,00;São Félix de Balsas;2110807
2009;0,00;Cariri do Tocantins;1703867
2009;0,00;Campinápolis;5102603
2009;0,00;Novo Acordo;1715101
2009;0,00;Tabocão;1708254
2009;0,00;Colares;1502608
2009;0,00;Brasilândia do Tocantins;1703602
2009;0,00;São Bento;2110500
2009;0,00;Paraíso do Tocantins;1716109
2009;0,00;Santa Maria do Tocantins;1718881
2009;0,00;Lajeado;1712009
2009;0,00;Aurora do Tocantins;1702703
2009;0,00;Brejinho de Nazaré;1703701
2009;0,00;Silvanópolis;1720655
2009;0,00;Chapada da Natividade;1705102
2009;0,00;Porto Nacional;1718204
2009;0,00;Lavandeira;1712157
2009;0,00;Rio dos Bois;1718709
2009;0,00;Água Boa;5100201
2009;0,00;Presidente Juscelino;2109205
2009;0,00;Altamira do Maranhão;2100402
2009;0,00;Monte Santo do Tocantins;1713700
2009;0,00;Ipueiras;1709807
2009;0,00;Crixás do Tocantins;1706258
2009;0,00;Apicum-Açu;2100832
2009;0,00;Presidente Médici;2109239
2009;0,00;Ponte Branca;5106703
2009;0,00;Santa Tereza do Tocantins;1719004
2009;0,00;Bacabeira;2101251
2009;0,00;Paraibano;2107704
2009;0,00;Curvelândia;5103437
2009;0,00;Lago Verde;2105906
2009;0,00;Cedral;2103109
2009;0,00;Babaçulândia;1703008
2009;0,00;Pindorama do Tocantins;1717008
2009;0,00;Alto Araguaia;5100300
2009;0,00;Pio XII;2108702
2009;0,00;Rio da Conceição;1718659
2009;0,00;Pastos Bons;2108009
2009;0,00;São Pedro dos Crentes;2111573
2009;0,00;Colinas do Tocantins;1705508
2009;0,00;Fortaleza dos Nogueiras;2104107
2009;0,00;Araguaçu;1702000
2009;0,00;Sandolândia;1718840
2009;0,00;Aparecida do Rio Negro;1701101
2009;0,00;Tupiratins;1721307
2009;0,00;Aliança do Tocantins;1700350
2009;0,00;Estreito;2104057
2009;0,00;Santa Bárbara do Pará;1506351
2009;0,00;São Félix do Tocantins;1720150
2009;0,00;Normandia;1400407
2009;0,00;Ribeirãozinho;5107198
2009;0,00;Balsas;2101400
2009;0,00;Novo Jardim;1715259
2009;0,00;Novo Alegre;1715150
2009;0,00;Tufilândia;2112274
2009;0,00;Figueirópolis;1707652
2009;0,00;Dueré;1707306
2009;0,00;São Felipe D'Oeste;1101484
2009;0,00;Miracema do Tocantins;1713205
2009;0,00;Tasso Fragoso;2112001
2009;0,00;Várzea Grande;5108402
2009;0,00;Monte do Carmo;1713601
2009;0,00;Santa Inês;2109908
2009;0,00;Tesouro;5108105
2009;0,00;Marituba;1504422
2009;0,00;Bom Jesus do Tocantins;1703305
2009;0,00;Ananindeua;1500800
2009;0,00;Planalto da Serra;5106455
2009;0,00;Conceição do Tocantins;1705607
2009;0,00;Carmolândia;1703883
2009;0,00;Alto Parnaíba;2100501
2009;0,00;São João Batista;2111003
2009;0,00;São José do Povo;5107297
2009;0,00;Nova Iorque;2107308
2009;0,00;Benevides;1501501
2009;0,00;Peixe;1716604
2009;0,00;Jangada;5104906
2009;0,00;São Raimundo das Mangabeiras;2111607
2009;0,00;Bandeirantes do Tocantins;1703057
2009;0,00;Mirador;2106706
2009;0,00;Mateiros;1712702
2009;0,00;Nova Colinas;2107258
2009;0,00;Satubinha;2111722
2009;0,00;Oliveira de Fátima;1715507
2009;0,00;Pindaré-Mirim;2108504
2009;0,00;Cururupu;2103703
2009;0,00;Itapiratins;1710904
2009;0,00;Novo São Joaquim;5106281
2009;0,00;Nova Xavantina;5106257
2009;0,00;Itacajá;1710508
2009;0,00;Almas;1700400
2009;0,00;Loreto;2106102
2009;0,00;Dom Aquino;5103601
2009;0,00;Palmeirópolis;1715754
2009;0,00;São João do Soter;2111078
2009;0,00;Juscimeira;5105200
2009;0,00;Sambaíba;2109700
2009;0,00;Lizarda;1712405
2009;0,00;Taguatinga;1720903
2009;0,00;Bacurituba;2101350
2009;0,00;Centenário;1704105
2009;0,00;Morros;2107100
2009;0,00;Feira Nova do Maranhão;2104073
2009;0,00;Lago do Junco;2105807
2009;0,00;Combinado;1705557
2009;0,00;São Valério;1720499
2009;2,02;Alvarães;1300029
2009;18,31;Coroatá;2103604
2009;6,41;Theobroma;1101609
2009;3,26;Amajari;1400027
2009;1,79;Lagoa Grande do Maranhão;2105963
2009;10,46;Plácido de Castro;1200385
2009;0,21;Santarém Novo;1506906
2009;81,83;Cachoeira do Piriá;1501956
2009;1,30;Capanema;1502202
2009;0,14;Santa Izabel do Pará;1506500
2009;9,86;São Domingos do Maranhão;2110708
2009;1,84;Araguacema;1701903
2009;0,66;Buriti Bravo;2102309
2009;41,38;Aripuanã;5101407
2009;0,16;Boa Vista;1400100
2009;26,77;Anapu;1500859
2009;1,04;Abel Figueiredo;1500131
2009;4,95;Pimenteiras do Oeste;1101468
2009;0,08;Pium;1717503
2009;0,91;Santa Luzia D'Oeste;1100296
2009;11,59;São Francisco do Guaporé;1101492
2009;0,66;Nortelândia;5106000
2009;6,68;Cametá;1502103
2009;3,97;Itapecuru Mirim;2105401
2009;0,22;Arenápolis;5101308
2009;1,89;Araguaína;1702109
2009;13,61;Comodoro;5103304
2009;1,27;Esperantina;1707405
2009;0,50;Salto do Céu;5107750
2009;8,93;Caracaraí;1400209
2009;11,90;Acará;1500206
2009;4,17;Godofredo Viana;2104305
2009;0,15;Wanderlândia;1722081
2009;18,16;Rorainópolis;1400472
2009;0,83;Arari;2101004
2009;0,24;Araputanga;5101258
2009;58,94;Amarante do Maranhão;2100600
2009;11,61;Terra Nova do Norte;5108055
2009;0,24;Darcinópolis;1706506
2009;18,51;Alenquer;1500404
2009;5,63;Iracema;1400282
2009;3,67;Senador José Porfírio;1507805
2009;1,64;Presidente Dutra;2109106
2009;20,61;Sena Madureira;1200500
2009;0,70;Fonte Boa;1301605
2009;9,90;São Domingos do Araguaia;1507151
2009;87,98;Itupiranga;1503705
2009;7,66;Santa Terezinha;5107776
2009;3,62;Feliz Natal;5103700
2009;24,34;Santa Maria das Barreiras;1506583
2009;1,75;Formoso do Araguaia;1708205
2009;34,11;Prainha;1506005
2009;2,91;Monção;2106904
2009;1,03;Anajás;1500701
2009;0,18;Bequimão;2101905
2009;11,74;Capitão Poço;1502301
2009;1,63;Mirante da Serra;1101302
2009;1,47;Piraquê;1717206
2009;0,00;Matinha;2106508
2009;12,94;Acrelândia;1200013
2009;35,87;Cotriguaçu;5103379
2009;1,66;Eirunepé;1301407
2009;3,20;Senador Alexandre Costa;2111748
2009;5,45;Bom Jesus do Tocantins;1501576
2009;0,97;Porto Walter;1200393
2009;1,84;Barão de Melgaço;5101605
2009;21,74;São João do Carú;2111029
2009;12,11;Piçarra;1505635
2009;0,88;Luís Domingues;2106201
2009;2,70;Dom Pedro;2103802
2009;21,19;Bom Jesus das Selvas;2102036
2009;0,46;Ribamar Fiquene;2109551
2009;0,31;Bacuri;2101301
2009;0,10;Terra Alta;1507961
2009;2,56;Borba;1300805
2009;0,44;Poxoréu;5107008
2009;1,75;Amapá do Maranhão;2100550
2009;4,37;Nova Mutum;5106224
2009;0,21;Soure;1507904
2009;0,65;São Paulo de Olivença;1303908
2009;0,34;Vale de São Domingos;5108352
2009;1,44;Alvorada D'Oeste;1100346
2009;0,30;Silves;1304005
2009;19,51;Feijó;1200302
2009;24,17;Boca do Acre;1300706
2009;1,27;Sítio Novo do Tocantins;1720804
2009;3,90;João Lisboa;2105500
2009;7,32;Monte Alegre;1504802
2009;1,31;Sorriso;5107925
2009;6,55;Nova Monte Verde;5108956
2009;0,39;Santa Rita do Tocantins;1718899
2009;0,07;Nazaré;1714302
2009;79,26;Centro Novo do Maranhão;2103174
2009;0,84;Chaves;1502509
2009;32,85;Ipixuna do Pará;1503457
2009;0,79;Corumbiara;1100072
2009;4,26;Alto Alegre;1400050
2009;0,52;Maracanã;1504307
2009;0,07;Riachinho;1718550
2009;5,83;Rio Crespo;1100262
2009;0,61;Presidente Vargas;2109304
2009;7,62;Bujari;1200138
2009;0,63;Cocalinho;5103106
2009;5,80;Envira;1301506
2009;3,48;São Geraldo do Araguaia;1507458
2009;3,32;Graça Aranha;2104701
2009;53,86;Porto de Moz;1505908
2009;1,63;Alto Alegre do Pindaré;2100477
2009;5,51;Governador Eugênio Barros;2104602
2009;1,11;Ferreira Gomes;1600238
2009;2,35;Santo Antônio do Leverger;5107800
2009;0,74;Miranda do Norte;2106755
2009;3,18;Palestina do Pará;1505494
2009;17,99;Oriximiná;1505304
2009;27,76;Arame;2100956
2009;17,40;Nova Olinda do Maranhão;2107357
2009;13,65;Apiacás;5100805
2009;4,86;Espigão D'Oeste;1100098
2009;7,08;Alta Floresta;5100250
2009;11,31;Nova Maringá;5108907
2009;5,04;Laranjal do Jari;1600279
2009;55,03;Medicilândia;1504455
2009;3,56;Santo Antônio dos Lopes;2110302
2009;0,14;Peixe-Boi;1505601
2009;74,38;Colniza;5103254
2009;8,11;Santo Afonso;5107263
2009;1,17;Santo Antônio do Içá;1303700
2009;0,40;Ponta de Pedras;1505700
2009;5,93;Cidelândia;2103257
2009;0,10;Alcântara;2100204
2009;3,15;Brejo Grande do Araguaia;1501758
2009;30,97;Portel;1505809
2009;2,16;Salvaterra;1506302
2009;0,07;Primavera;1506104
2009;5,45;Santa Carmem;5107248
2009;0,75;Muaná;1504901
2009;8,61;São José do Rio Claro;5107305
2009;18,54;Rio Branco;1200401
2009;3,79;Capixaba;1200179
2009;1,09;Tabatinga;1304062
2009;0,45;Serrano do Maranhão;2111789
2009;0,17;Figueirópolis D'Oeste;5103809
2009;27,68;Óbidos;1505106
2009;0,29;Junco do Maranhão;2105658
2009;1,83;Marapanim;1504406
2009;5,14;Boa Vista do Gurupi;2101970
2009;0,63;Carauari;1301001
2009;0,16;Luzinópolis;1712454
2009;0,30;Itapiranga;1302009
2009;0,06;Palmeirândia;2107605
2009;1,27;Guaraí;1709302
2009;2,10;Reserva do Cabaçal;5107156
2009;17,83;Garrafão do Norte;1503077
2009;14,39;Fernando Falcão;2104081
2009;1,49;Davinópolis;2103752
2009;29,85;Manicoré;1302702
2009;24,36;Vila Bela da Santíssima Trindade;5105507
2009;4,88;Cândido Mendes;2102606
2009;0,46;Japurá;1302108
2009;7,75;Paranaíta;5106299
2009;0,49;Nova Olímpia;5106232
2009;4,45;São Miguel do Tocantins;1720200
2009;8,78;Tabaporã;5107941
2009;2,04;Manaquiri;1302553
2009;0,16;Rolim de Moura;1100288
2009;0,47;Tocantinópolis;1721208
2009;2,40;Pracuúba;1600550
2009;14,76;Santa Luzia;2110005
2009;31,78;Viseu;1508308
2009;5,36;Turilândia;2112456
2009;8,83;Porto dos Gaúchos;5106802
2009;0,62;Benjamin Constant;1300607
2009;0,21;Santa Maria do Pará;1506609
2009;65,37;Grajaú;2104800
2009;20,74;Juína;5105150
2009;0,20;Araguanã;1702158
2009;1,88;Amapá;1600105
2009;12,22;Candeias do Jamari;1100809
2009;0,86;São João do Paraíso;2111052
2009;4,84;Governador Jorge Teixeira;1101005
2009;3,56;Jacundá;1503804
2009;27,73;Machadinho D'Oeste;1100130
2009;2,70;Cacaulândia;1100601
2009;0,90;São José dos Quatro Marcos;5107107
2009;3,45;Alto Alegre do Maranhão;2100436
2009;0,08;Divinópolis do Tocantins;1707108
2009;1,87;Santa Rosa do Purus;1200435
2009;0,33;Goianorte;1708304
2009;1,70;Santa Helena;2109809
2009;0,34;São Caetano de Odivelas;1507102
2009;0,22;Carlinda;5102793
2009;0,55;Pau D'Arco;1716307
2009;0,06;Marechal Thaumaturgo;1200351
2009;1,64;Urucará;1304302
2009;0,07;Melgaço;1504505
2009;0,23;Araguaiana;5101001
2009;10,55;Pontes e Lacerda;5106752
2009;7,31;Querência;5107065
2009;1,62;Presidente Sarney;2109270
2009;1,03;São Luís Gonzaga do Maranhão;2111409
2009;14,05;Pimenta Bueno;1100189
2009;15,37;São João do Araguaia;1507508
2009;0,44;Paço do Lumiar;2107506
2009;0,08;Nova Guarita;5108808
2009;3,01;Santa Fé do Araguaia;1718865
2009;6,31;Vilhena;1100304
2009;63,99;Apuí;1300144
2009;5,51;Itacoatiara;1301902
2009;14,41;Juruti;1503903
2009;10,27;Vale do Anari;1101757
2009;0,75;Ipixuna;1301803
2009;2,38;Ribeirão Cascalheira;5107180
2009;1,95;Nova União;1101435
2009;0,84;Santa Filomena do Maranhão;2109759
2009;13,75;Presidente Figueiredo;1303536
2009;1,68;Jaru;1100114
2009;0,15;Cachoeirinha;1703826
2009;0,59;Pacaraima;1400456
2009;20,10;Mucajaí;1400308
2009;285,54;Novo Repartimento;1505064
2009;4,38;Senador La Rocque;2111763
2009;2,22;Vargem Grande;2112704
2009;12,13;Floresta do Araguaia;1503044
2009;1,66;Uiramutã;1400704
2009;7,22;Conceição do Araguaia;1502707
2009;0,75;Formosa da Serra Negra;2104099
2009;1,94;Governador Archer;2104503
2009;13,96;Cantanhede;2102705
2009;8,07;Calçoene;1600204
2009;0,75;São Pedro da Água Branca;2111532
2009;30,84;Nova Ubiratã;5106240
2009;44,63;Lábrea;1302405
2009;0,54;Barcelos;1300409
2009;0,14;Maurilândia do Tocantins;1712801
2009;0,79;Jutaí;1302306
2009;0,40;Denise;5103452
2009;0,30;Alto Paraguai;5100508
2009;3,32;Matões do Norte;2106631
2009;0,62;Bonito;1501600
2009;0,36;Porto Esperidião;5106828
2009;0,66;Campo Verde;5102678
2009;0,15;Pedra Preta;5106372
2009;0,95;Lambari D'Oeste;5105234
2009;100,06;Pacajá;1505486
2009;14,82;Jacareacanga;1503754
2009;1,26;Codajás;1301308
2009;0,81;Marianópolis do Tocantins;1712504
2009;24,72;Bom Jardim;2102002
2009;0,08;Itaporã do Tocantins;1711100
2009;30,70;Cujubim;1100940
2009;5,53;Marajá do Sena;2106359
2009;13,37;Baião;1501204
2009;7,00;Xapuri;1200708
2009;3,35;Marcelândia;5105580
2009;0,54;Colméia;1716703
2009;7,29;Tapurah;5108006
2009;0,16;Nova Nazaré;5106174
2009;0,22;Sapezal;5107875
2009;1,99;Beruri;1300631
2009;3,26;Colinas;2103505
2009;3,29;Curralinho;1502806
2009;316,78;Novo Progresso;1505031
2009;0,06;Vigia;1508209
2009;23,84;Açailândia;2100055
2009;17,53;Breu Branco;1501782
2009;4,00;Paranatinga;5106307
2009;120,43;Paragominas;1505502
2009;28,48;Nova Mamoré;1100338
2009;1,76;Pedro do Rosário;2108256
2009;0,92;Amaturá;1300060
2009;0,64;São Bento do Tocantins;1720101
2009;36,93;Trairão;1508050
2009;10,41;Nova Ipixuna;1504976
2009;3,25;Pauini;1303502
2009;0,28;Penalva;2108306
2009;5,04;Alta Floresta D'Oeste;1100015
2009;5,52;Gurupá;1503101
2009;10,89;Bom Jesus do Araguaia;5101852
2009;1,65;Governador Nunes Freire;2104677
2009;30,37;Rondon do Pará;1506187
2009;2,58;Tucumã;1508084
2009;8,84;São João da Baliza;1400506
2009;3,73;Nova Santa Helena;5106190
2009;0,16;Porto Rico do Maranhão;2109056
2009;1,04;São Mateus do Maranhão;2111508
2009;0,86;Concórdia do Pará;1502756
2009;1,00;Paulo Ramos;2108108
2009;0,26;Rondonópolis;5107602
2009;7,84;Jenipapo dos Vieiras;2105476
2009;0,45;Lajeado Novo;2105989
2009;0,14;Boa Vista do Ramos;1300680
2009;3,15;Igarapé-Miri;1503309
2009;3,79;São Miguel do Guaporé;1100320
2009;5,65;Careiro da Várzea;1301159
2009;3,12;Xambioá;1722107
2009;0,72;Campestre do Maranhão;2102556
2009;7,65;Vila Rica;5108600
2009;148,67;Itaituba;1503606
2009;24,61;Eldorado do Carajás;1502954
2009;0,26;Sampaio;1718808
2009;0,34;Mocajuba;1504604
2009;59,58;Nova Esperança do Piriá;1504950
2009;3,68;Manaus;1302603
2009;4,43;São Gabriel da Cachoeira;1303809
2009;30,84;Juara;5105101
2009;6,07;Bragança;1501709
2009;0,10;São Francisco do Pará;1507409
2009;0,11;Miranorte;1713304
2009;0,09;Rosário;2109601
2009;2,18;Porto Franco;2109007
2009;18,11;Santarém;1506807
2009;5,20;Novo Santo Antônio;5106315
2009;1,84;Salinópolis;1506203
2009;0,54;Canarana;5102702
2009;34,32;Barra do Corda;2101608
2009;0,49;Castanheiras;1100908
2009;103,87;Porto Velho;1100205
2009;2,32;Faro;1503002
2009;1,60;Urupá;1101708
2009;0,06;Axixá do Tocantins;1702901
2009;1,45;Curuçá;1502905
2009;0,11;Inhangapi;1503408
2009;0,92;Porto Alegre do Norte;5106778
2009;26,55;Santana do Araguaia;1506708
2009;15,37;Juruena;5105176
2009;2,67;Barcarena;1501303
2009;1,44;Nobres;5105903
2009;0,23;Novo Horizonte do Norte;5106273
2009;4,40;Xinguara;1508407
2009;0,65;Sítio Novo;2111805
2009;3,48;Carutapera;2102903
2009;25,89;Goianésia do Pará;1503093
2009;388,93;Altamira;1500602
2009;13,78;Tomé-Açu;1508001
2009;2,58;Montes Altos;2107001
2009;0,73;Cajari;2102507
2009;5,20;Humaitá;1301704
2009;4,06;Terra Santa;1507979
2009;10,67;Aurora do Pará;1500958
2009;4,36;Recursolândia;1718501
2009;0,69;Ministro Andreazza;1101203
2009;0,46;São Sebastião da Boa Vista;1507706
2009;29,90;Rurópolis;1506195
2009;0,13;Anajatuba;2100709
2009;10,71;Gonçalves Dias;2104404
2009;1,45;Atalaia do Norte;1300201
2009;110,84;Marabá;1504208
2009;0,63;Coari;1301209
2009;11,28;Centro do Guilherme;2103158
2009;4,29;Tefé;1304203
2009;0,19;Santana;1600600
2009;66,74;Moju;1504703
2009;0,15;Porto Estrela;5106851
2009;1,51;Vitória do Xingu;1508357
2009;16,02;Brasnorte;5101902
2009;99,08;Uruará;1508159
2009;2,21;Maranhãozinho;2106375
2009;1,30;Mâncio Lima;1200336
2009;2,00;Guajará;1301654
2009;0,97;Breves;1501808
2009;3,52;Praia Norte;1718303
2009;23,34;Almeirim;1500503
2009;0,23;Pequizeiro;1716653
2009;11,71;Barra do Bugres;5101704
2009;37,93;Itinga do Maranhão;2105427
2009;0,67;Poconé;5106505
2009;4,27;Seringueiras;1101500
2009;7,48;Ipiranga do Norte;5104526
2009;6,04;Chupinguaia;1100924
2009;0,54;Bujaru;1501907
2009;1,98;Vila Nova dos Martírios;2112852
2009;0,89;Cabixi;1100031
2009;0,10;Santa Isabel do Rio Negro;1303601
2009;6,77;Rio Maria;1506161
2009;5,51;Careiro;1301100
2009;1,05;Colorado do Oeste;1100064
2009;5,47;São Luiz;1400605
2009;1,45;Tangará da Serra;5107958
2009;12,26;Novo Mundo;5106265
2009;0,59;Cuiabá;5103403
2009;10,88;Água Azul do Norte;1500347
2009;0,25;Igarapé do Meio;2105153
2009;2,24;São Sebastião do Uatumã;1303957
2009;9,03;Itanhangá;5104542
2009;2,96;União do Sul;5108303
2009;15,43;Tarauacá;1200609
2009;4,79;Itaipava do Grajaú;2105351
2009;1,60;Assis Brasil;1200054
2009;6,59;Belterra;1501451
2009;0,11;Santo Antônio do Tauá;1507003
2009;1,30;Rio Preto da Eva;1303569
2009;0,33;Limoeiro do Ajuru;1504000
2009;0,78;Novo Horizonte do Oeste;1100502
2009;4,28;Lagoa da Confusão;1711902
2009;24,45;Peixoto de Azevedo;5106422
2009;13,83;Rondolândia;5107578
2009;0,08;Arapoema;1702307
2009;11,12;Alto Paraíso;1100403
2009;3,04;Cacoal;1100049
2009;0,85;Conquista D'Oeste;5103361
2009;0,50;Serra do Navio;1600055
2009;3,20;Capinzal do Norte;2102754
2009;8,38;Maués;1302900
2009;3,00;Santa Cruz do Xingu;5107743
2009;1,59;Nova Brasilândia;5106208
2009;4,92;Nova Canaã do Norte;5106216
2009;0,54;Castanhal;1502400
2009;17,81;Serra Nova Dourada;5107883
2009;5,96;São José do Xingu;5107354
2009;0,44;Tonantins;1304237
2009;4,13;Governador Luiz Rocha;2104628
2009;2,18;Caapiranga;1300839
2009;5,09;Nova Marilândia;5108857
2009;5,22;Ji-Paraná;1100122
2009;1,88;Itaguatins;1710706
2009;9,06;Guarantã do Norte;5104104
2009;7,27;Senador Guiomard;1200450
2009;24,38;Buriticupu;2102325
2009;37,23;Cumaru do Norte;1502764
2009;0,27;Aguiarnópolis;1700301
2009;4,28;Curuá;1502855
2009;1,90;Bagre;1501105
2009;14,69;Manacapuru;1302504
2009;2,67;Barreirinha;1300508
2009;0,10;Peri Mirim;2108405
2009;56,84;Brasil Novo;1501725
2009;4,63;Porto Grande;1600535
2009;9,06;Matupá;5105606
2009;4,14;Oiapoque;1600501
2009;0,07;Angico;1701051
2009;0,71;Tapauá;1304104
2009;13,66;Alto Boa Vista;5100359
2009;0,66;São Miguel do Guamá;1507607
2009;0,59;Lucas do Rio Verde;5105259
2009;3,48;Aragominas;1701309
2009;16,98;Turiaçu;2112407
2009;2,18;Joselândia;2105609
2009;1,02;Pinheiro;2108603
2009;6,57;Canabrava do Norte;5102694
2009;3,84;Itapuã do Oeste;1101104
2009;1,45;Bernardo do Mearim;2101939
2009;4,86;Parauapebas;1505536
2009;39,52;Placas;1505650
2009;0,90;Curionópolis;1502772
2009;0,18;Teixeirópolis;1101559
2009;9,22;Codó;2103307
2009;7,25;Tuntum;2112308
2009;1,71;Vitória do Mearim;2112902
2009;9,06;Nova Lacerda;5106182
2009;6,30;Porto Acre;1200807
2009;1,77;Itaúba;5104559
2009;16,62;Buritis;1100452
2009;0,22;Cutias;1600212
2009;18,12;Costa Marques;1100080
2009;0,40;Brejo de Areia;2102150
2009;2,18;Cáceres;5102504
2009;5,20;Parintins;1303403
2009;2,09;Tucuruí;1508100
2009;3,83;Alto Alegre dos Parecis;1100379
2009;3,33;Imperatriz;2105302
2009;16,19;Tailândia;1507953
2009;4,17;Epitaciolândia;1200252
2009;4,63;Pau D'Arco;1505551
2009;0,55;Anori;1300102
2009;4,74;Pedra Branca do Amapari;1600154
2009;439,70;São Félix do Xingu;1507300
2009;7,30;Ourilândia do Norte;1505437
2009;0,15;Santa Rita;2110203
2009;0,08;Bacabal;2101202
2009;0,08;Belém;1501402
2009;0,26;Indiavaí;5104500
2009;9,26;Gaúcha do Norte;5103858
2009;8,22;Brasiléia;1200104
2009;0,02;Esperantinópolis;2104008
2009;0,15;Campo Novo do Parecis;5102637
2009;0,33;Guimarães;2104909
2009;5,90;Mazagão;1600402
2009;1,85;Presidente Médici;1100254
2009;0,00;Primavera de Rondônia;1101476
2009;0,31;Couto Magalhães;1706001
2009;0,51;Uarini;1304260
2009;0,72;Araguanã;2100873
2009;1,78;Mirassol d'Oeste;5105622
2009;0,75;Macapá;1600303
2009;8,81;Santa Luzia do Pará;1506559
2009;0,85;Irituia;1503507
2009;1,83;Vitória do Jari;1600808
2009;2,57;Rodrigues Alves;1200427
2009;9,98;Autazes;1300300
2009;15,75;Bannach;1501253
2009;2,41;Colíder;5103205
2009;0,11;Nova Olinda;1714880
2009;0,30;São João da Ponta;1507466
2009;8,59;Ariquemes;1100023
2009;6,82;Sinop;5107909
2009;0,71;Governador Edison Lobão;2104552
2009;3,31;Vera;5108501
2009;4,37;Nhamundá;1303007
2009;0,28;Pedreiras;2108207
2009;15,75;Novo Aripuanã;1303304
2009;0,35;Jaciara;5104807
2009;52,52;Nova Bandeirantes;5106158
2009;2,08;Jatobá;2105450
2009;0,36;Quatipuru;1506112
2009;4,23;Tracuateua;1508035
2009;1,66;Governador Newton Bello;2104651
2009;0,71;Timbiras;2112100
2009;0,91;Viana;2112803
2009;43,51;Ulianópolis;1508126
2009;0,25;Jauru;5105002
2009;0,35;Nova Timboteua;1505007
2009;0,35;Bernardo Sayão;1703206
2009;29,96;Mojuí dos Campos;1504752
2009;7,40;Confresa;5103353
2009;2,42;Bonfim;1400159
2009;1,20;Anamã;1300086
2009;7,50;Iranduba;1301852
2009;2,05;Nova Brasilândia D'Oeste;1100148
2009;0,65;Chapada dos Guimarães;5103007
2009;1,05;Ananás;1701002
2009;0,55;Ouro Preto do Oeste;1100155
2009;4,24;Cruzeiro do Sul;1200203
2009;40,60;Dom Eliseu;1502939
2009;2,99;Abaetetuba;1500107
2009;2,92;Redenção;1506138
2009;0,05;Poção de Pedras;2108900
2009;0,88;Diamantino;5103502
2009;0,24;Santa Luzia do Paruá;2110039
2009;1,79;Ourém;1505403
2009;8,47;Peritoró;2108454
2009;1,94;Novo Airão;1303205
2009;25,25;Cláudia;5103056
2009;1,24;Nova Olinda do Norte;1303106
2009;9,50;Buritirana;2102358
2009;8,00;Cantá;1400175
2009;0,13;Presidente Kennedy;1718402
2009;0,76;Muricilândia;1713957
2009;10,85;Pirapemas;2108801
2009;1,73;Lima Campos;2106003
2009;16,59;São Félix do Araguaia;5107859
2009;0,53;Maraã;1302801
2009;0,92;Maracaçumé;2106326
2009;0,87;Canaã dos Carajás;1502152
2009;4,58;Fortuna;2104206
2009;0,97;Igarapé-Açu;1503200
2009;0,58;Cerejeiras;1100056
2009;13,93;Canutama;1300904
2009;8,07;Oeiras do Pará;1505205
2009;5,29;Araguatins;1702208
2009;0,42;Luciara;5105309
2009;1,86;Juruá;1302207
2009;1,52;São Domingos do Capim;1507201
2009;5,33;Manoel Urbano;1200344
2009;4,56;Caseara;1703909
2009;29,20;Aveiro;1501006
2009;1,89;Jordão;1200328
2009;0,32;Santa Rita do Trivelato;5107768
2009;1,02;São José dos Basílios;2111250
2009;1,96;São João de Pirabas;1507474
2009;0,05;Glória D'Oeste;5103957
2009;1,37;Parecis;1101450
2009;21,48;Zé Doca;2114007
2009;6,06;Tartarugalzinho;1600709
2009;24,76;Campo Novo de Rondônia;1100700
2009;8,04;Guajará-Mirim;1100106
2009;0,66;Vale do Paraíso;1101807
2009;0,09;Rosário Oeste;5107701
2009;23,78;Caroebe;1400233
2009;7,09;Monte Negro;1101401
2009;15,76;Castanheira;5102850
2009;0,39;Augusto Corrêa;1500909
2009;1,50;São Francisco do Brejão;2110856
2009;0,33;Cachoeira do Arari;1502004
2008;1,05;Tocantinópolis;1721208
2008;0,00;Central do Maranhão;2103125
2008;0,00;Filadélfia;1707702
2008;0,00;Carolina;2102804
2008;0,00;Olho d'Água das Cunhãs;2107407
2008;0,00;Benedito Leite;2101806
2008;0,00;Cristalândia;1706100
2008;0,00;Araguainha;5101209
2008;0,00;Fátima;1707553
2008;0,00;Riachão;2109502
2008;0,00;São Roberto;2111672
2008;0,00;Palmeiras do Tocantins;1713809
2008;0,00;Ponte Alta do Tocantins;1717909
2008;0,00;Muaná;1504901
2008;0,00;Sucupira do Norte;2111904
2008;0,00;São Pedro da Cipa;5107404
2008;0,00;Taipas do Tocantins;1720937
2008;0,00;Pontal do Araguaia;5106653
2008;0,00;Alto Taquari;5100607
2008;0,00;Santo Antônio do Leste;5107792
2008;0,00;São Salvador do Tocantins;1720259
2008;0,00;Palmeirante;1715705
2008;0,00;Vitorino Freire;2113009
2008;0,00;São Sebastião do Tocantins;1720309
2008;0,00;Porto Alegre do Tocantins;1718006
2008;0,00;Itiquira;5104609
2008;0,00;Pugmil;1718451
2008;0,00;Lago dos Rodrigues;2105948
2008;0,00;Palmas;1721000
2008;0,00;Paranã;1716208
2008;0,00;Tupirama;1721257
2008;0,00;Porto Rico do Maranhão;2109056
2008;0,00;Passagem Franca;2107902
2008;0,00;Barra do Ouro;1703073
2008;0,00;Cajapió;2102408
2008;0,00;São Domingos do Azeitão;2110658
2008;0,00;Bela Vista do Maranhão;2101772
2008;0,00;Maranhãozinho;2106375
2008;0,00;Tocantínia;1721109
2008;0,00;Alvorada;1700707
2008;0,00;Talismã;1720978
2008;0,00;Gurupi;1709500
2008;0,00;Sucupira;1720853
2008;0,00;Torixoréu;5108204
2008;0,00;Mirinzal;2106805
2008;0,00;Natividade;1714203
2008;0,00;Conceição do Lago-Açu;2103554
2008;0,00;Goiatins;1709005
2008;0,00;Alto Garças;5100409
2008;0,00;Godofredo Viana;2104305
2008;0,00;Santa Rosa do Tocantins;1718907
2008;0,00;Lago da Pedra;2105708
2008;0,00;Pedra Preta;5106372
2008;0,00;Rio Branco;5107206
2008;0,00;Igarapé Grande;2105203
2008;0,00;Primavera do Leste;5107040
2008;0,00;Jaú do Tocantins;1711506
2008;0,00;Ponte Alta do Bom Jesus;1717800
2008;0,00;Recursolândia;1718501
2008;0,00;Santa Cruz do Arari;1506401
2008;0,00;Divinópolis do Tocantins;1707108
2008;0,00;Cuiabá;5103403
2008;0,00;Nova Rosalândia;1715002
2008;0,00;São Vicente Ferrer;2111706
2008;0,00;Pium;1717503
2008;0,00;Arraias;1702406
2008;0,00;Olinda Nova do Maranhão;2107456
2008;0,00;Acorizal;5100102
2008;0,00;Bom Lugar;2102077
2008;0,00;Barrolândia;1703107
2008;0,00;Santa Terezinha do Tocantins;1720002
2008;0,00;Campos Lindos;1703842
2008;0,00;Chapada de Areia;1704600
2008;0,00;Dianópolis;1707009
2008;0,00;Junco do Maranhão;2105658
2008;0,00;General Carneiro;5103908
2008;0,00;Rio Sono;1718758
2008;0,00;São Félix de Balsas;2110807
2008;0,00;Cariri do Tocantins;1703867
2008;0,00;Campinápolis;5102603
2008;0,00;Novo Acordo;1715101
2008;0,00;Soure;1507904
2008;0,00;Tabocão;1708254
2008;0,00;Arapoema;1702307
2008;0,00;Brasilândia do Tocantins;1703602
2008;0,00;São Bento;2110500
2008;0,00;Paraíso do Tocantins;1716109
2008;0,00;Santa Maria do Tocantins;1718881
2008;0,00;Lajeado;1712009
2008;0,00;Aurora do Tocantins;1702703
2008;0,00;Brejinho de Nazaré;1703701
2008;0,00;Silvanópolis;1720655
2008;0,00;Chapada da Natividade;1705102
2008;0,00;Porto Nacional;1718204
2008;0,00;Lavandeira;1712157
2008;0,00;Rio dos Bois;1718709
2008;0,00;Altamira do Maranhão;2100402
2008;0,00;Poconé;5106505
2008;0,00;Monte Santo do Tocantins;1713700
2008;0,00;Ipueiras;1709807
2008;0,00;Crixás do Tocantins;1706258
2008;0,00;Apicum-Açu;2100832
2008;0,00;Presidente Médici;2109239
2008;0,00;Ponte Branca;5106703
2008;0,00;Santa Tereza do Tocantins;1719004
2008;0,00;Paraibano;2107704
2008;0,00;Lago Verde;2105906
2008;0,00;Cedral;2103109
2008;0,00;Babaçulândia;1703008
2008;0,00;Pindorama do Tocantins;1717008
2008;0,00;Alto Araguaia;5100300
2008;0,00;Pio XII;2108702
2008;0,00;Rio da Conceição;1718659
2008;0,00;Ponta de Pedras;1505700
2008;0,00;Pastos Bons;2108009
2008;0,00;São Pedro dos Crentes;2111573
2008;0,00;Fortaleza dos Nogueiras;2104107
2008;0,00;Araguaçu;1702000
2008;0,00;Sandolândia;1718840
2008;0,00;Aparecida do Rio Negro;1701101
2008;0,00;Tupiratins;1721307
2008;0,00;Aliança do Tocantins;1700350
2008;0,00;São Félix do Tocantins;1720150
2008;0,00;Ribeirãozinho;5107198
2008;0,00;Balsas;2101400
2008;0,00;Novo Jardim;1715259
2008;0,00;Novo Alegre;1715150
2008;0,00;Tufilândia;2112274
2008;0,00;Figueirópolis;1707652
2008;0,00;São Sebastião da Boa Vista;1507706
2008;0,00;Miracema do Tocantins;1713205
2008;0,00;Cachoeira do Arari;1502004
2008;0,00;Tasso Fragoso;2112001
2008;0,00;Várzea Grande;5108402
2008;0,00;Monte do Carmo;1713601
2008;0,00;Santa Inês;2109908
2008;0,00;Tesouro;5108105
2008;0,00;Bom Jesus do Tocantins;1703305
2008;0,00;Ananindeua;1500800
2008;0,00;Anajás;1500701
2008;0,00;Conceição do Tocantins;1705607
2008;0,00;Alto Parnaíba;2100501
2008;0,00;Maracaçumé;2106326
2008;0,00;São João Batista;2111003
2008;0,00;Nova Iorque;2107308
2008;0,00;Peixe;1716604
2008;0,00;Jangada;5104906
2008;0,00;São Raimundo das Mangabeiras;2111607
2008;0,00;Mirador;2106706
2008;0,00;Mateiros;1712702
2008;0,00;Nova Colinas;2107258
2008;0,00;Satubinha;2111722
2008;0,00;Oliveira de Fátima;1715507
2008;0,00;Pindaré-Mirim;2108504
2008;0,00;Cururupu;2103703
2008;0,00;Itapiratins;1710904
2008;0,00;Novo São Joaquim;5106281
2008;0,00;Itacajá;1710508
2008;0,00;Almas;1700400
2008;0,00;Loreto;2106102
2008;0,00;Palmeirópolis;1715754
2008;0,00;São João do Soter;2111078
2008;0,00;Sambaíba;2109700
2008;0,00;Governador Newton Bello;2104651
2008;0,00;Lizarda;1712405
2008;0,00;Taguatinga;1720903
2008;0,00;Bacurituba;2101350
2008;0,00;Centenário;1704105
2008;0,00;Feira Nova do Maranhão;2104073
2008;0,00;Lago do Junco;2105807
2008;0,00;Combinado;1705557
2008;0,00;São Valério;1720499
2008;10,49;Alvarães;1300029
2008;7,11;Theobroma;1101609
2008;0,07;Trizidela do Vale;2112233
2008;3,07;Santarém Novo;1506906
2008;23,36;Cachoeira do Piriá;1501956
2008;4,02;Capanema;1502202
2008;1,33;Santa Izabel do Pará;1506500
2008;6,87;Buriti Bravo;2102309
2008;2,35;Boa Vista;1400100
2008;74,63;Anapu;1500859
2008;6,45;Pimenteiras do Oeste;1101468
2008;3,63;Santa Luzia D'Oeste;1100296
2008;0,79;Cametá;1502103
2008;85,51;Itapecuru Mirim;2105401
2008;0,23;Arenápolis;5101308
2008;2,31;Araguaína;1702109
2008;44,90;Comodoro;5103304
2008;1,43;Salto do Céu;5107750
2008;42,20;Caracaraí;1400209
2008;47,76;Acará;1500206
2008;2,27;Wanderlândia;1722081
2008;26,00;Rorainópolis;1400472
2008;9,74;Arari;2101004
2008;0,25;Araputanga;5101258
2008;59,22;Amarante do Maranhão;2100600
2008;20,43;Terra Nova do Norte;5108055
2008;14,80;Senador José Porfírio;1507805
2008;102,47;Iracema;1400282
2008;5,48;Presidente Dutra;2109106
2008;1,91;Fonte Boa;1301605
2008;9,66;São Domingos do Araguaia;1507151
2008;41,56;Santa Terezinha;5107776
2008;104,47;Santa Maria das Barreiras;1506583
2008;12,32;Monção;2106904
2008;3,11;Eirunepé;1301407
2008;10,99;Senador Alexandre Costa;2111748
2008;10,47;Bom Jesus do Tocantins;1501576
2008;6,67;Porto Walter;1200393
2008;4,53;Barão de Melgaço;5101605
2008;0,90;Luís Domingues;2106201
2008;52,91;Bom Jesus das Selvas;2102036
2008;1,18;Ribamar Fiquene;2109551
2008;0,96;Bacuri;2101301
2008;1,31;Terra Alta;1507961
2008;1,29;Amapá do Maranhão;2100550
2008;0,11;Nossa Senhora do Livramento;5106109
2008;0,89;Vale de São Domingos;5108352
2008;6,44;Alvorada D'Oeste;1100346
2008;2,83;Silves;1304005
2008;9,43;João Lisboa;2105500
2008;30,18;Monte Alegre;1504802
2008;2,77;Sorriso;5107925
2008;1,82;Nazaré;1714302
2008;46,49;Ipixuna do Pará;1503457
2008;4,39;Corumbiara;1100072
2008;36,39;Alto Alegre;1400050
2008;1,55;Riachinho;1718550
2008;15,77;Bujari;1200138
2008;0,08;Buriti do Tocantins;1703800
2008;7,76;São Geraldo do Araguaia;1507458
2008;4,02;Alto Alegre do Pindaré;2100477
2008;23,30;Governador Eugênio Barros;2104602
2008;29,23;Oriximiná;1505304
2008;36,46;Arame;2100956
2008;1,73;Nova Olinda do Maranhão;2107357
2008;45,96;Apiacás;5100805
2008;15,32;Alta Floresta;5100250
2008;17,78;Nova Maringá;5108907
2008;9,13;Laranjal do Jari;1600279
2008;0,26;Estreito;2104057
2008;3,82;Peixe-Boi;1505601
2008;123,42;Colniza;5103254
2008;24,18;Santa Carmem;5107248
2008;18,29;São José do Rio Claro;5107305
2008;0,07;Dueré;1707306
2008;0,48;Serrano do Maranhão;2111789
2008;0,68;Bandeirantes do Tocantins;1703057
2008;0,91;Figueirópolis D'Oeste;5103809
2008;4,68;Marapanim;1504406
2008;0,09;Palmeirândia;2107605
2008;4,46;Guaraí;1709302
2008;5,83;Fernando Falcão;2104081
2008;41,03;Manicoré;1302702
2008;3,59;Cândido Mendes;2102606
2008;4,27;Nova Olímpia;5106232
2008;0,68;Manaquiri;1302553
2008;0,00;Lagoa do Tocantins;1711951
2008;5,11;Pracuúba;1600550
2008;0,15;Raposa;2109452
2008;38,10;Santa Luzia;2110005
2008;14,95;Viseu;1508308
2008;29,88;Porto dos Gaúchos;5106802
2008;0,56;Benjamin Constant;1300607
2008;0,95;Santa Maria do Pará;1506609
2008;0,62;Curvelândia;5103437
2008;74,48;Grajaú;2104800
2008;53,27;Juína;5105150
2008;47,38;Candeias do Jamari;1100809
2008;3,66;Governador Jorge Teixeira;1101005
2008;6,00;Jacundá;1503804
2008;52,95;Machadinho D'Oeste;1100130
2008;2,17;Santa Rosa do Purus;1200435
2008;0,47;Goianorte;1708304
2008;8,90;Santa Helena;2109809
2008;11,84;Marechal Thaumaturgo;1200351
2008;2,06;Urucará;1304302
2008;4,49;Melgaço;1504505
2008;3,72;Araguaiana;5101001
2008;43,44;Pimenta Bueno;1100189
2008;34,66;São João do Araguaia;1507508
2008;0,42;São Raimundo do Doca Bezerra;2111631
2008;3,25;Nova Guarita;5108808
2008;11,47;Juruti;1503903
2008;5,27;Ipixuna;1301803
2008;4,43;Nova União;1101435
2008;2,57;Jaru;1100114
2008;0,00;Pacaraima;1400456
2008;4,34;Vargem Grande;2112704
2008;20,50;Floresta do Araguaia;1503044
2008;5,20;São José de Ribamar;2111201
2008;46,98;Conceição do Araguaia;1502707
2008;0,74;Formosa da Serra Negra;2104099
2008;140,18;Nova Ubiratã;5106240
2008;3,86;Jutaí;1302306
2008;0,89;Denise;5103452
2008;0,56;Alto Paraguai;5100508
2008;1,66;Campo Verde;5102678
2008;1,08;Marianópolis do Tocantins;1712504
2008;0,70;Itaporã do Tocantins;1711100
2008;0,58;Colméia;1716703
2008;10,13;Tapurah;5108006
2008;0,13;Marituba;1504422
2008;6,66;Sapezal;5107875
2008;11,78;Colinas;2103505
2008;0,70;Curralinho;1502806
2008;53,77;Açailândia;2100055
2008;0,11;Amaturá;1300060
2008;0,69;São Bento do Tocantins;1720101
2008;11,39;Nova Ipixuna;1504976
2008;3,14;Pauini;1303502
2008;26,29;Alta Floresta D'Oeste;1100015
2008;53,49;Rondon do Pará;1506187
2008;9,84;Tucumã;1508084
2008;15,13;São João da Baliza;1400506
2008;1,57;São Mateus do Maranhão;2111508
2008;2,15;Paulo Ramos;2108108
2008;0,35;Boa Vista do Ramos;1300680
2008;41,20;São Miguel do Guaporé;1100320
2008;13,76;Careiro da Várzea;1301159
2008;169,96;Itaituba;1503606
2008;0,20;Itaubal;1600253
2008;9,09;São Gabriel da Cachoeira;1303809
2008;124,34;Juara;5105101
2008;1,18;Bragança;1501709
2008;2,62;São Francisco do Pará;1507409
2008;12,16;Rosário;2109601
2008;2,40;Porto Franco;2109007
2008;30,86;Santarém;1506807
2008;8,89;Novo Santo Antônio;5106315
2008;0,78;Salinópolis;1506203
2008;2,34;São Francisco do Brejão;2110856
2008;4,96;Castanheiras;1100908
2008;2,02;Faro;1503002
2008;2,28;Curuçá;1502905
2008;1,09;Inhangapi;1503408
2008;186,62;Santana do Araguaia;1506708
2008;40,50;Juruena;5105176
2008;1,05;Barcarena;1501303
2008;2,56;Novo Horizonte do Norte;5106273
2008;4,74;Xinguara;1508407
2008;0,06;Sítio Novo;2111805
2008;1,02;Carutapera;2102903
2008;36,04;Tomé-Açu;1508001
2008;1,69;Montes Altos;2107001
2008;20,70;Humaitá;1301704
2008;5,64;Terra Santa;1507979
2008;17,16;Aurora do Pará;1500958
2008;49,29;Rurópolis;1506195
2008;0,32;Carrasco Bonito;1703891
2008;1,15;Atalaia do Norte;1300201
2008;3,15;Coari;1301209
2008;0,84;Água Boa;5100201
2008;9,74;Tefé;1304203
2008;4,97;Santana;1600600
2008;115,96;Moju;1504703
2008;10,51;Vitória do Xingu;1508357
2008;90,44;Uruará;1508159
2008;0,13;Afuá;1500305
2008;3,46;Guajará;1301654
2008;3,96;Praia Norte;1718303
2008;59,03;Almeirim;1500503
2008;0,99;Pequizeiro;1716653
2008;74,83;Itinga do Maranhão;2105427
2008;42,58;Seringueiras;1101500
2008;5,61;Bujaru;1501907
2008;2,13;Vila Nova dos Martírios;2112852
2008;3,82;Cabixi;1100031
2008;15,35;Rio Maria;1506161
2008;6,25;Careiro;1301100
2008;1,75;Colorado do Oeste;1100064
2008;12,82;São Luiz;1400605
2008;4,63;Tangará da Serra;5107958
2008;22,87;Água Azul do Norte;1500347
2008;0,82;Igarapé do Meio;2105153
2008;5,53;São Sebastião do Uatumã;1303957
2008;90,83;Itanhangá;5104542
2008;36,85;Tarauacá;1200609
2008;3,42;Assis Brasil;1200054
2008;4,91;Belterra;1501451
2008;7,08;Rio Preto da Eva;1303569
2008;3,01;Novo Horizonte do Oeste;1100502
2008;69,19;Peixoto de Azevedo;5106422
2008;14,32;Alto Paraíso;1100403
2008;3,49;Bacabeira;2101251
2008;1,67;Conquista D'Oeste;5103361
2008;6,77;Capinzal do Norte;2102754
2008;7,30;Santa Cruz do Xingu;5107743
2008;3,68;Nova Brasilândia;5106208
2008;20,73;Nova Canaã do Norte;5106216
2008;2,74;Dois Irmãos do Tocantins;1707207
2008;93,83;São José do Xingu;5107354
2008;17,23;Governador Luiz Rocha;2104628
2008;0,16;Caapiranga;1300839
2008;11,38;Nova Marilândia;5108857
2008;0,06;Benevides;1501501
2008;1,53;Itaguatins;1710706
2008;39,51;Guarantã do Norte;5104104
2008;4,90;Senador Guiomard;1200450
2008;183,31;Cumaru do Norte;1502764
2008;4,05;Curuá;1502855
2008;3,73;Bagre;1501105
2008;1,67;Morros;2107100
2008;7,89;Barreirinha;1300508
2008;14,43;Porto Grande;1600535
2008;75,18;Matupá;5105606
2008;2,57;Angico;1701051
2008;18,22;Alto Boa Vista;5100359
2008;7,79;São Miguel do Guamá;1507607
2008;7,47;Turiaçu;2112407
2008;29,26;Canabrava do Norte;5102694
2008;20,44;Itapuã do Oeste;1101104
2008;0,77;Bernardo do Mearim;2101939
2008;27,96;Parauapebas;1505536
2008;85,71;Placas;1505650
2008;4,69;Curionópolis;1502772
2008;23,33;Tuntum;2112308
2008;2,91;Vitória do Mearim;2112902
2008;2,12;Brejo de Areia;2102150
2008;4,73;Parintins;1303403
2008;0,01;São José do Povo;5107297
2008;10,78;Pau D'Arco;1505551
2008;0,97;Anori;1300102
2008;3,66;Pedra Branca do Amapari;1600154
2008;758,84;São Félix do Xingu;1507300
2008;22,07;Santa Rita;2110203
2008;0,32;Bacabal;2101202
2008;0,95;Belém;1501402
2008;196,36;Gaúcha do Norte;5103858
2008;1,19;Guimarães;2104909
2008;15,65;Mazagão;1600402
2008;3,50;Presidente Médici;1100254
2008;1,17;Planalto da Serra;5106455
2008;6,40;Mirassol d'Oeste;5105622
2008;5,60;Santa Luzia do Pará;1506559
2008;4,90;Rodrigues Alves;1200427
2008;40,55;Autazes;1300300
2008;48,20;Bannach;1501253
2008;0,06;Nova Olinda;1714880
2008;3,76;São João da Ponta;1507466
2008;0,52;Governador Edison Lobão;2104552
2008;0,35;Jaciara;5104807
2008;125,09;Nova Bandeirantes;5106158
2008;20,04;Jatobá;2105450
2008;1,95;Tracuateua;1508035
2008;6,28;Viana;2112803
2008;0,98;Bernardo Sayão;1703206
2008;25,49;Mojuí dos Campos;1504752
2008;63,76;Confresa;5103353
2008;1,92;Iranduba;1301852
2008;13,78;Nova Brasilândia D'Oeste;1100148
2008;0,14;Chapada dos Guimarães;5103007
2008;4,69;Ananás;1701002
2008;1,33;Ouro Preto do Oeste;1100155
2008;1,24;Abaetetuba;1500107
2008;8,25;Redenção;1506138
2008;15,76;São Luís;2111300
2008;5,08;Diamantino;5103502
2008;0,63;Campos de Júlio;5102686
2008;10,66;Peritoró;2108454
2008;0,95;Novo Airão;1303205
2008;6,19;Nova Olinda do Norte;1303106
2008;23,53;Buritirana;2102358
2008;121,31;Cantá;1400175
2008;0,31;Presidente Kennedy;1718402
2008;8,23;Pirapemas;2108801
2008;210,33;São Félix do Araguaia;5107859
2008;0,41;Magalhães Barata;1504109
2008;3,01;Maraã;1302801
2008;8,86;Canaã dos Carajás;1502152
2008;23,91;Fortuna;2104206
2008;2,23;Cerejeiras;1100056
2008;1,46;Juscimeira;5105200
2008;2,11;Luciara;5105309
2008;4,90;Manoel Urbano;1200344
2008;4,55;São João de Pirabas;1507474
2008;0,64;Glória D'Oeste;5103957
2008;19,52;Parecis;1101450
2008;13,72;Tartarugalzinho;1600709
2008;19,57;Campo Novo de Rondônia;1100700
2008;16,74;Guajará-Mirim;1100106
2008;6,61;Monte Negro;1101401
2008;24,24;Coroatá;2103604
2008;34,71;Amajari;1400027
2008;3,17;Lagoa Grande do Maranhão;2105963
2008;0,28;Colinas do Tocantins;1705508
2008;3,26;Plácido de Castro;1200385
2008;32,10;São Domingos do Maranhão;2110708
2008;0,25;Augustinópolis;1702554
2008;1,23;Araguacema;1701903
2008;80,37;Aripuanã;5101407
2008;2,04;Abel Figueiredo;1500131
2008;44,92;São Francisco do Guaporé;1101492
2008;0,61;Nortelândia;5106000
2008;1,05;Esperantina;1707405
2008;0,35;São Felipe D'Oeste;1101484
2008;0,55;Darcinópolis;1706506
2008;39,56;Alenquer;1500404
2008;34,81;Sena Madureira;1200500
2008;226,17;Itupiranga;1503705
2008;223,95;Feliz Natal;5103700
2008;2,16;Formoso do Araguaia;1708205
2008;71,38;Prainha;1506005
2008;0,28;Bequimão;2101905
2008;7,11;Capitão Poço;1502301
2008;5,21;Mirante da Serra;1101302
2008;1,47;Itamarati;1301951
2008;23,67;Acrelândia;1200013
2008;77,06;Cotriguaçu;5103379
2008;0,16;São João do Carú;2111029
2008;17,13;Piçarra;1505635
2008;6,48;Dom Pedro;2103802
2008;8,55;Borba;1300805
2008;1,50;Piraquê;1717206
2008;10,24;Nova Mutum;5106224
2008;0,29;São Paulo de Olivença;1303908
2008;27,15;Feijó;1200302
2008;38,23;Boca do Acre;1300706
2008;0,73;Sítio Novo do Tocantins;1720804
2008;23,43;Nova Monte Verde;5108956
2008;0,20;Santa Rita do Tocantins;1718899
2008;14,60;Centro Novo do Maranhão;2103174
2008;0,18;Chaves;1502509
2008;1,29;Maracanã;1504307
2008;7,24;Rio Crespo;1100262
2008;7,48;Presidente Vargas;2109304
2008;1,34;Santa Bárbara do Pará;1506351
2008;1,27;Cocalinho;5103106
2008;6,84;Envira;1301506
2008;12,05;Graça Aranha;2104701
2008;22,31;Porto de Moz;1505908
2008;2,57;Ferreira Gomes;1600238
2008;1,33;Santo Antônio do Leverger;5107800
2008;14,81;Miranda do Norte;2106755
2008;8,12;Palestina do Pará;1505494
2008;10,69;Espigão D'Oeste;1100098
2008;28,17;Medicilândia;1504455
2008;6,14;Santo Antônio dos Lopes;2110302
2008;6,65;Santo Afonso;5107263
2008;1,01;Santo Antônio do Içá;1303700
2008;9,85;Cidelândia;2103257
2008;1,87;Alcântara;2100204
2008;8,73;Brejo Grande do Araguaia;1501758
2008;96,67;Portel;1505809
2008;0,26;Salvaterra;1506302
2008;0,87;Primavera;1506104
2008;28,85;Rio Branco;1200401
2008;8,83;Capixaba;1200179
2008;1,03;Tabatinga;1304062
2008;41,32;Óbidos;1505106
2008;0,44;Boa Vista do Gurupi;2101970
2008;2,28;Carauari;1301001
2008;0,48;Luzinópolis;1712454
2008;1,20;Itapiranga;1302009
2008;0,87;Reserva do Cabaçal;5107156
2008;0,14;Nova Xavantina;5106257
2008;8,28;Garrafão do Norte;1503077
2008;2,10;Davinópolis;2103752
2008;36,54;Vila Bela da Santíssima Trindade;5105507
2008;1,49;Japurá;1302108
2008;41,24;Paranaíta;5106299
2008;1,65;São Miguel do Tocantins;1720200
2008;65,78;Tabaporã;5107941
2008;3,20;Rolim de Moura;1100288
2008;13,42;Turilândia;2112456
2008;0,58;Araguanã;1702158
2008;1,89;Amapá;1600105
2008;0,64;São João do Paraíso;2111052
2008;6,90;Cacaulândia;1100601
2008;1,68;São José dos Quatro Marcos;5107107
2008;4,08;Alto Alegre do Maranhão;2100436
2008;0,13;Dom Aquino;5103601
2008;3,67;São Caetano de Odivelas;1507102
2008;3,95;Carlinda;5102793
2008;1,71;Pau D'Arco;1716307
2008;31,29;Pontes e Lacerda;5106752
2008;71,41;Querência;5107065
2008;7,87;Presidente Sarney;2109270
2008;0,00;Juarina;1711803
2008;1,70;São Luís Gonzaga do Maranhão;2111409
2008;3,15;Paço do Lumiar;2107506
2008;1,87;Santa Fé do Araguaia;1718865
2008;59,82;Vilhena;1100304
2008;70,15;Apuí;1300144
2008;26,93;Itacoatiara;1301902
2008;11,98;Vale do Anari;1101757
2008;5,54;Ribeirão Cascalheira;5107180
2008;2,65;Santa Filomena do Maranhão;2109759
2008;18,95;Presidente Figueiredo;1303536
2008;0,51;Cachoeirinha;1703826
2008;213,47;Mucajaí;1400308
2008;482,45;Novo Repartimento;1505064
2008;9,28;Senador La Rocque;2111763
2008;0,44;Uiramutã;1400704
2008;6,93;Governador Archer;2104503
2008;11,34;Cantanhede;2102705
2008;6,30;Calçoene;1600204
2008;0,30;São Pedro da Água Branca;2111532
2008;65,18;Lábrea;1302405
2008;1,48;Barcelos;1300409
2008;0,73;Maurilândia do Tocantins;1712801
2008;8,24;Matões do Norte;2106631
2008;6,73;Bonito;1501600
2008;6,76;Porto Esperidião;5106828
2008;0,34;Normandia;1400407
2008;2,16;Lambari D'Oeste;5105234
2008;259,12;Pacajá;1505486
2008;23,31;Jacareacanga;1503754
2008;1,37;Codajás;1301308
2008;96,18;Bom Jardim;2102002
2008;48,59;Cujubim;1100940
2008;17,71;Marajá do Sena;2106359
2008;18,19;Baião;1501204
2008;22,99;Xapuri;1200708
2008;176,92;Marcelândia;5105580
2008;11,04;Nova Nazaré;5106174
2008;2,42;Beruri;1300631
2008;0,56;Urucurituba;1304401
2008;235,91;Novo Progresso;1505031
2008;1,46;Vigia;1508209
2008;67,47;Breu Branco;1501782
2008;91,53;Paranatinga;5106307
2008;63,23;Paragominas;1505502
2008;0,40;Sapucaia;1507755
2008;64,97;Nova Mamoré;1100338
2008;3,80;Pedro do Rosário;2108256
2008;42,33;Trairão;1508050
2008;3,14;Penalva;2108306
2008;3,61;Gurupá;1503101
2008;14,46;Bom Jesus do Araguaia;5101852
2008;0,20;Governador Nunes Freire;2104677
2008;16,89;Nova Santa Helena;5106190
2008;2,43;Concórdia do Pará;1502756
2008;0,45;Rondonópolis;5107602
2008;6,86;Jenipapo dos Vieiras;2105476
2008;3,28;Axixá;2101103
2008;0,63;Lajeado Novo;2105989
2008;2,40;Igarapé-Miri;1503309
2008;7,88;Xambioá;1722107
2008;1,65;Campestre do Maranhão;2102556
2008;77,99;Vila Rica;5108600
2008;30,33;Eldorado do Carajás;1502954
2008;0,08;Sampaio;1718808
2008;0,50;Mocajuba;1504604
2008;16,34;Nova Esperança do Piriá;1504950
2008;2,96;Manaus;1302603
2008;0,57;Miranorte;1713304
2008;0,29;Mãe do Rio;1504059
2008;5,59;Canarana;5102702
2008;209,12;Porto Velho;1100205
2008;2,14;Urupá;1101708
2008;0,24;Axixá do Tocantins;1702901
2008;12,46;Porto Alegre do Norte;5106778
2008;0,71;Nobres;5105903
2008;35,81;Goianésia do Pará;1503093
2008;339,62;Altamira;1500602
2008;4,77;Cajari;2102507
2008;3,32;Ministro Andreazza;1101203
2008;2,00;Anajatuba;2100709
2008;21,74;Gonçalves Dias;2104404
2008;347,58;Marabá;1504208
2008;1,45;Icatu;2105104
2008;1,11;Centro do Guilherme;2103158
2008;0,20;Porto Estrela;5106851
2008;117,04;Brasnorte;5101902
2008;4,31;Mâncio Lima;1200336
2008;3,95;Breves;1501808
2008;8,61;Barra do Bugres;5101704
2008;4,93;Barra do Garças;5101803
2008;3,88;Ipiranga do Norte;5104526
2008;17,69;Chupinguaia;1100924
2008;1,34;Santa Isabel do Rio Negro;1303601
2008;3,82;Cachoeira Grande;2102374
2008;42,03;Novo Mundo;5106265
2008;38,98;União do Sul;5108303
2008;5,96;Itaipava do Grajaú;2105351
2008;1,97;Santo Antônio do Tauá;1507003
2008;15,49;Presidente Juscelino;2109205
2008;0,08;Limoeiro do Ajuru;1504000
2008;8,01;Lagoa da Confusão;1711902
2008;18,24;Rondolândia;5107578
2008;4,61;Cacoal;1100049
2008;0,32;Serra do Navio;1600055
2008;19,85;Maués;1302900
2008;0,51;Matinha;2106508
2008;5,61;Castanhal;1502400
2008;9,29;Serra Nova Dourada;5107883
2008;0,30;Tonantins;1304237
2008;5,87;Ji-Paraná;1100122
2008;57,64;Buriticupu;2102325
2008;0,08;Aguiarnópolis;1700301
2008;0,48;Colares;1502608
2008;2,16;Manacapuru;1302504
2008;1,13;Peri Mirim;2108405
2008;16,81;Brasil Novo;1501725
2008;11,66;Oiapoque;1600501
2008;3,06;Tapauá;1304104
2008;7,37;Lucas do Rio Verde;5105259
2008;10,75;Aragominas;1701309
2008;1,86;Abreulândia;1700251
2008;4,51;Joselândia;2105609
2008;4,11;Pinheiro;2108603
2008;0,52;Teixeirópolis;1101559
2008;23,27;Codó;2103307
2008;19,13;Nova Lacerda;5106182
2008;8,21;Porto Acre;1200807
2008;42,16;Itaúba;5104559
2008;20,60;Buritis;1100452
2008;2,34;Cutias;1600212
2008;101,36;Costa Marques;1100080
2008;13,92;Cáceres;5102504
2008;26,81;Tucuruí;1508100
2008;22,09;Alto Alegre dos Parecis;1100379
2008;3,93;Imperatriz;2105302
2008;71,89;Tailândia;1507953
2008;4,34;Epitaciolândia;1200252
2008;20,21;Ourilândia do Norte;1505437
2008;0,97;Indiavaí;5104500
2008;12,66;Brasiléia;1200104
2008;0,01;Esperantinópolis;2104008
2008;0,97;Campo Novo do Parecis;5102637
2008;1,06;Primavera de Rondônia;1101476
2008;3,29;Couto Magalhães;1706001
2008;6,70;Uarini;1304260
2008;7,24;Araguanã;2100873
2008;6,43;Macapá;1600303
2008;4,39;Irituia;1503507
2008;1,33;Vitória do Jari;1600808
2008;0,14;Guiratinga;5104203
2008;8,38;Colíder;5103205
2008;8,32;Ariquemes;1100023
2008;47,38;Sinop;5107909
2008;5,95;Vera;5108501
2008;0,82;Nhamundá;1303007
2008;0,36;Pedreiras;2108207
2008;62,74;Novo Aripuanã;1303304
2008;1,96;Quatipuru;1506112
2008;1,41;Timbiras;2112100
2008;135,78;Ulianópolis;1508126
2008;1,75;Jauru;5105002
2008;2,33;Nova Timboteua;1505007
2008;19,51;Bonfim;1400159
2008;0,07;Anamã;1300086
2008;11,02;Cruzeiro do Sul;1200203
2008;53,27;Dom Eliseu;1502939
2008;0,04;Poção de Pedras;2108900
2008;0,43;Santa Luzia do Paruá;2110039
2008;6,86;Ourém;1505403
2008;26,44;Cláudia;5103056
2008;2,49;Muricilândia;1713957
2008;2,38;Lima Campos;2106003
2008;4,19;Igarapé-Açu;1503200
2008;0,18;Pedro Afonso;1716505
2008;37,92;Canutama;1300904
2008;4,89;Oeiras do Pará;1505205
2008;14,78;Araguatins;1702208
2008;2,99;Juruá;1302207
2008;11,96;São Domingos do Capim;1507201
2008;2,61;Caseara;1703909
2008;32,95;Aveiro;1501006
2008;7,23;Jordão;1200328
2008;0,08;Carmolândia;1703883
2008;1,30;Santa Rita do Trivelato;5107768
2008;3,15;São José dos Basílios;2111250
2008;3,86;Zé Doca;2114007
2008;0,67;Vale do Paraíso;1101807
2008;0,25;Rosário Oeste;5107701
2008;38,07;Caroebe;1400233
2008;27,75;Castanheira;5102850
2008;0,31;Augusto Corrêa;1500909
2008;43,08;Barra do Corda;2101608
2008;4,93;Poxoréu;5107008